species,L_pred,T_pred,M_pred,R_pred,N_pred,source,L_bin,L_borderline,L_confidence,L_recommendation,L_notes,T_bin,T_borderline,T_confidence,T_recommendation,T_notes,M_bin,M_borderline,M_confidence,M_recommendation,M_notes,R_bin,R_borderline,R_confidence,R_recommendation,R_notes,N_bin,N_borderline,N_confidence,N_recommendation,N_notes,joint_requirement,joint_prob,joint_ok,global_notes
Abies alba,4.710496304971721,6.931423198424115,6.876129452939838,7.085241671751776,9.552628767372267,MAG,med,FALSE,medium,Partial Sun,,high,TRUE,low,Warm Climate,borderline,high,TRUE,medium,Requires Wet Soil,borderline; high_model_reliability,high,FALSE,low,Alkaline Soil,low_model_reliability,high,FALSE,high,Requires Fertile Soil,high_model_reliability,"L=high,M=med,R=med",0.018,FALSE,joint_prob_below_threshold
Abies balsamea,5.800008535390215,6.1344144317329645,7.21928102593381,6.833277159667731,8.223494924031364,MAG,med,FALSE,medium,Partial Sun,,med,TRUE,low,Temperate,borderline,high,FALSE,high,Requires Wet Soil,high_model_reliability,high,TRUE,very_low,Alkaline Soil,borderline; low_model_reliability,high,FALSE,high,Requires Fertile Soil,high_model_reliability,"L=high,M=med,R=med",0.044333333333333336,FALSE,joint_prob_below_threshold
Abies concolor,5.2633106464896855,6.925361279591744,7.6909062165517295,7.163471852672016,9.084354656467132,MAG,med,FALSE,medium,Partial Sun,,high,TRUE,low,Warm Climate,borderline,high,FALSE,high,Requires Wet Soil,high_model_reliability,high,FALSE,low,Alkaline Soil,low_model_reliability,high,FALSE,high,Requires Fertile Soil,high_model_reliability,"L=high,M=med,R=med",0.014,FALSE,joint_prob_below_threshold
Abies grandis,5.087873912467474,6.781173104818452,8.232835633354076,7.249418359115518,9.888563930224851,MAG,med,FALSE,medium,Partial Sun,,high,TRUE,low,Warm Climate,borderline,high,FALSE,high,Requires Wet Soil,high_model_reliability,high,FALSE,low,Alkaline Soil,low_model_reliability,high,FALSE,high,Requires Fertile Soil,high_model_reliability,"L=high,M=med,R=med",0.004,FALSE,joint_prob_below_threshold
Abies lasiocarpa,6.089091198692762,6.598019569304288,7.830542792469688,6.996718187263,7.731828026803015,MAG,med,TRUE,low,Partial Sun,borderline,high,TRUE,low,Warm Climate,borderline,high,FALSE,high,Requires Wet Soil,high_model_reliability,high,TRUE,very_low,Alkaline Soil,borderline; low_model_reliability,high,FALSE,high,Requires Fertile Soil,high_model_reliability,"L=high,M=med,R=med",0.021,FALSE,joint_prob_below_threshold
Abutilon theophrasti,4.18065949340461,4.935728845421312,8.442225776004245,8.515941208675864,13.013551757174609,MAG,med,FALSE,medium,Partial Sun,,med,FALSE,medium,Temperate,,high,FALSE,high,Requires Wet Soil,high_model_reliability,high,FALSE,low,Alkaline Soil,low_model_reliability,high,FALSE,high,Requires Fertile Soil,high_model_reliability,"L=high,M=med,R=med",0,FALSE,joint_prob_below_threshold
Acacia mearnsii,6.349764831831441,5.767078283823157,4.273887509647746,6.029058063974017,4.81192277400113,MAG,med,TRUE,low,Partial Sun,borderline,med,FALSE,medium,Temperate,,med,FALSE,high,Average Moisture,high_model_reliability,med,TRUE,very_low,Neutral Soil,borderline; low_model_reliability,med,FALSE,high,Average/Rich Soil,high_model_reliability,"L=high,M=med,R=med",0.17666666666666667,FALSE,joint_prob_below_threshold
Acacia melanoxylon,4.669863923764037,5.7962659791864795,6.956385964374385,7.304040929398373,9.578957585508672,MAG,med,FALSE,medium,Partial Sun,,med,FALSE,medium,Temperate,,high,TRUE,medium,Requires Wet Soil,borderline; high_model_reliability,high,FALSE,low,Alkaline Soil,low_model_reliability,high,FALSE,high,Requires Fertile Soil,high_model_reliability,"L=high,M=med,R=med",0.012666666666666666,FALSE,joint_prob_below_threshold
Acalypha virginica,5.767501261899408,4.234459592202413,8.026860108993251,7.671304187931687,10.039824305422345,MAG,med,FALSE,medium,Partial Sun,,med,FALSE,medium,Temperate,,high,FALSE,high,Requires Wet Soil,high_model_reliability,high,FALSE,low,Alkaline Soil,low_model_reliability,high,FALSE,high,Requires Fertile Soil,high_model_reliability,"L=high,M=med,R=med",0.008333333333333333,FALSE,joint_prob_below_threshold
Acer campestre,3.706595387609526,6.385583625699971,6.484262242427013,7.633589577705122,10.33913878592987,MAG,med,TRUE,low,Partial Sun,borderline,med,TRUE,low,Temperate,borderline,med,TRUE,medium,Average Moisture,borderline; high_model_reliability,high,FALSE,low,Alkaline Soil,low_model_reliability,high,FALSE,high,Requires Fertile Soil,high_model_reliability,"L=high,M=med,R=med",0.002,FALSE,joint_prob_below_threshold
Acer monspessulanum,4.421438750139997,5.7986973224950935,5.463215169450851,6.9169292623038965,8.283682977790376,MAG,med,FALSE,medium,Partial Sun,,med,FALSE,medium,Temperate,,med,FALSE,high,Average Moisture,high_model_reliability,high,TRUE,very_low,Alkaline Soil,borderline; low_model_reliability,high,FALSE,high,Requires Fertile Soil,high_model_reliability,"L=high,M=med,R=med",0.018,FALSE,joint_prob_below_threshold
Acer platanoides,3.2902438585085805,6.569565265245065,7.28628710871754,7.89378823518712,11.694311287044902,MAG,low,TRUE,low,Deep/Partial Shade,borderline,high,TRUE,low,Warm Climate,borderline,high,FALSE,high,Requires Wet Soil,high_model_reliability,high,FALSE,low,Alkaline Soil,low_model_reliability,high,FALSE,high,Requires Fertile Soil,high_model_reliability,"L=high,M=med,R=med",0,FALSE,joint_prob_below_threshold
Acer pseudoplatanus,3.3377133141768125,6.444107609814806,7.712229888566421,7.920800592700434,12.079840386770588,MAG,low,TRUE,low,Deep/Partial Shade,borderline,med,TRUE,low,Temperate,borderline,high,FALSE,high,Requires Wet Soil,high_model_reliability,high,FALSE,low,Alkaline Soil,low_model_reliability,high,FALSE,high,Requires Fertile Soil,high_model_reliability,"L=high,M=med,R=med",0,FALSE,joint_prob_below_threshold
Acer rubrum,4.063469063011887,6.01538885074341,7.286741945776711,7.5496677195915876,10.703969715968563,MAG,med,FALSE,medium,Partial Sun,,med,TRUE,low,Temperate,borderline,high,FALSE,high,Requires Wet Soil,high_model_reliability,high,FALSE,low,Alkaline Soil,low_model_reliability,high,FALSE,high,Requires Fertile Soil,high_model_reliability,"L=high,M=med,R=med",0.0033333333333333335,FALSE,joint_prob_below_threshold
Acer saccharinum,3.157297838205304,6.825958698944174,7.748373332713937,8.037134218609843,12.44423568567984,MAG,low,TRUE,low,Deep/Partial Shade,borderline,high,TRUE,low,Warm Climate,borderline,high,FALSE,high,Requires Wet Soil,high_model_reliability,high,FALSE,low,Alkaline Soil,low_model_reliability,high,FALSE,high,Requires Fertile Soil,high_model_reliability,"L=high,M=med,R=med",0,FALSE,joint_prob_below_threshold
Acer saccharum,3.431579726375962,6.504349732798314,7.513792543615456,7.694162332258281,11.690292194471466,MAG,low,TRUE,low,Deep/Partial Shade,borderline,high,TRUE,low,Warm Climate,borderline,high,FALSE,high,Requires Wet Soil,high_model_reliability,high,FALSE,low,Alkaline Soil,low_model_reliability,high,FALSE,high,Requires Fertile Soil,high_model_reliability,"L=high,M=med,R=med",3.333333333333333e-4,FALSE,joint_prob_below_threshold
Achillea leptophylla,8.834990538266057,2.882478652564871,4.759591910087634,6.140549804332499,1.6411502505064808,MAG,high,FALSE,medium,Full Sun,,low,FALSE,medium,Cool Climate,,med,FALSE,high,Average Moisture,high_model_reliability,med,TRUE,very_low,Neutral Soil,borderline; low_model_reliability,low,FALSE,high,Poor Soil,high_model_reliability,"L=high,M=med,R=med",0.355,FALSE,joint_prob_below_threshold
Achillea millefolium,6.806359176602653,3.5138246146171466,7.29041890821955,7.173934801279824,7.564764973699132,MAG,high,TRUE,low,Full Sun,borderline,med,TRUE,low,Temperate,borderline,high,FALSE,high,Requires Wet Soil,high_model_reliability,high,FALSE,low,Alkaline Soil,low_model_reliability,high,FALSE,high,Requires Fertile Soil,high_model_reliability,"L=high,M=med,R=med",0.052333333333333336,FALSE,joint_prob_below_threshold
Acorus calamus,5.220272828525566,4.560288810571195,8.200947228578084,8.068304909062862,10.46165636525654,MAG,med,FALSE,medium,Partial Sun,,med,FALSE,medium,Temperate,,high,FALSE,high,Requires Wet Soil,high_model_reliability,high,FALSE,low,Alkaline Soil,low_model_reliability,high,FALSE,high,Requires Fertile Soil,high_model_reliability,"L=high,M=med,R=med",0.003,FALSE,joint_prob_below_threshold
Actaea spicata,4.776281558468352,4.4403272421864965,7.481615756837501,8.260373543854543,10.715284692795535,MAG,med,FALSE,medium,Partial Sun,,med,FALSE,medium,Temperate,,high,FALSE,high,Requires Wet Soil,high_model_reliability,high,FALSE,low,Alkaline Soil,low_model_reliability,high,FALSE,high,Requires Fertile Soil,high_model_reliability,"L=high,M=med,R=med",0.0033333333333333335,FALSE,joint_prob_below_threshold
Adenostyles alpina,5.171844809917014,4.150233681770057,8.589748976849725,8.342793114455993,11.465961730165676,MAG,med,FALSE,medium,Partial Sun,,med,FALSE,medium,Temperate,,high,FALSE,high,Requires Wet Soil,high_model_reliability,high,FALSE,low,Alkaline Soil,low_model_reliability,high,FALSE,high,Requires Fertile Soil,high_model_reliability,"L=high,M=med,R=med",0.001,FALSE,joint_prob_below_threshold
Adoxa moschatellina,5.369736414535813,4.34054597742997,5.585830947605626,8.118666561515878,8.973109340851442,MAG,med,FALSE,medium,Partial Sun,,med,FALSE,medium,Temperate,,med,FALSE,high,Average Moisture,high_model_reliability,high,FALSE,low,Alkaline Soil,low_model_reliability,high,FALSE,high,Requires Fertile Soil,high_model_reliability,"L=high,M=med,R=med",0.019666666666666666,FALSE,joint_prob_below_threshold
Aegilops geniculata,6.734091010157944,4.262019913125302,3.982972391953555,6.970799022753109,4.852545316977966,MAG,high,TRUE,low,Full Sun,borderline,med,FALSE,medium,Temperate,,med,TRUE,medium,Average Moisture,borderline; high_model_reliability,high,TRUE,very_low,Alkaline Soil,borderline; low_model_reliability,med,FALSE,high,Average/Rich Soil,high_model_reliability,"L=high,M=med,R=med",0.12666666666666668,FALSE,joint_prob_below_threshold
Aegopodium podagraria,5.516095854131284,4.521085948393674,9.240804002431618,8.561637017097787,12.279436318174458,MAG,med,FALSE,medium,Partial Sun,,med,FALSE,medium,Temperate,,high,FALSE,high,Requires Wet Soil,high_model_reliability,high,FALSE,low,Alkaline Soil,low_model_reliability,high,FALSE,high,Requires Fertile Soil,high_model_reliability,"L=high,M=med,R=med",3.333333333333333e-4,FALSE,joint_prob_below_threshold
Aesculus hippocastanum,2.5677852179534257,7.652088946323126,5.9339022804416395,8.316372621110931,11.303511723108748,MAG,low,FALSE,medium,Deep/Partial Shade,,high,FALSE,medium,Warm Climate,,med,FALSE,high,Average Moisture,high_model_reliability,high,FALSE,low,Alkaline Soil,low_model_reliability,high,FALSE,high,Requires Fertile Soil,high_model_reliability,"L=high,M=med,R=med",3.333333333333333e-4,FALSE,joint_prob_below_threshold
Agrimonia eupatoria,5.364082807176296,4.576999933942663,6.804697168652644,7.833090694481986,8.841096255217227,MAG,med,FALSE,medium,Partial Sun,,med,FALSE,medium,Temperate,,high,TRUE,medium,Requires Wet Soil,borderline; high_model_reliability,high,FALSE,low,Alkaline Soil,low_model_reliability,high,FALSE,high,Requires Fertile Soil,high_model_reliability,"L=high,M=med,R=med",0.018333333333333333,FALSE,joint_prob_below_threshold
Agropyron cristatum,6.596024712501266,4.41401153421027,5.0432227298871855,6.692953768107272,5.143564496348803,MAG,high,TRUE,low,Full Sun,borderline,med,FALSE,medium,Temperate,,med,FALSE,high,Average Moisture,high_model_reliability,high,TRUE,very_low,Alkaline Soil,borderline; low_model_reliability,med,FALSE,high,Average/Rich Soil,high_model_reliability,"L=high,M=med,R=med",0.191,FALSE,joint_prob_below_threshold
Agropyron desertorum,6.39781397147406,4.248944713332392,5.30550203425555,6.8333032041157225,5.827039013425029,MAG,med,TRUE,low,Partial Sun,borderline,med,FALSE,medium,Temperate,,med,FALSE,high,Average Moisture,high_model_reliability,high,TRUE,very_low,Alkaline Soil,borderline; low_model_reliability,med,FALSE,high,Average/Rich Soil,high_model_reliability,"L=high,M=med,R=med",0.15566666666666668,FALSE,joint_prob_below_threshold
Agrostemma githago,5.3959511092715955,5.007038168426111,6.977853747984872,7.897673537378497,9.30841168895729,MAG,med,FALSE,medium,Partial Sun,,med,FALSE,medium,Temperate,,high,TRUE,medium,Requires Wet Soil,borderline; high_model_reliability,high,FALSE,low,Alkaline Soil,low_model_reliability,high,FALSE,high,Requires Fertile Soil,high_model_reliability,"L=high,M=med,R=med",0.015666666666666666,FALSE,joint_prob_below_threshold
Agrostis canina,7.382905484296478,3.269772361461757,6.8322300896472825,6.752835850133877,6.713640592197534,MAG,high,FALSE,medium,Full Sun,,low,TRUE,low,Cool Climate,borderline,high,TRUE,medium,Requires Wet Soil,borderline; high_model_reliability,high,TRUE,very_low,Alkaline Soil,borderline; low_model_reliability,high,TRUE,medium,Requires Fertile Soil,borderline; high_model_reliability,"L=high,M=med,R=med",0.12833333333333333,FALSE,joint_prob_below_threshold
Agrostis capillaris,7.201056401032042,3.249461265767172,7.029356447417232,6.878102954485719,7.110669102020096,MAG,high,FALSE,medium,Full Sun,,low,TRUE,low,Cool Climate,borderline,high,FALSE,high,Requires Wet Soil,high_model_reliability,high,TRUE,very_low,Alkaline Soil,borderline; low_model_reliability,high,FALSE,high,Requires Fertile Soil,high_model_reliability,"L=high,M=med,R=med",0.09633333333333334,FALSE,joint_prob_below_threshold
Agrostis hyemalis,7.361916723506783,3.599350599628141,7.065629998051782,6.534846054497592,6.41929138104587,MAG,high,FALSE,medium,Full Sun,,med,TRUE,low,Temperate,borderline,high,FALSE,high,Requires Wet Soil,high_model_reliability,high,TRUE,very_low,Alkaline Soil,borderline; low_model_reliability,med,TRUE,medium,Average/Rich Soil,borderline; high_model_reliability,"L=high,M=med,R=med",0.11733333333333333,FALSE,joint_prob_below_threshold
Agrostis scabra,7.414913170084343,3.6418766133736686,6.347240645542487,6.216477859276422,5.372887712478297,MAG,high,FALSE,medium,Full Sun,,med,TRUE,low,Temperate,borderline,med,TRUE,medium,Average Moisture,borderline; high_model_reliability,med,TRUE,very_low,Neutral Soil,borderline; low_model_reliability,med,FALSE,high,Average/Rich Soil,high_model_reliability,"L=high,M=med,R=med",0.23633333333333334,FALSE,joint_prob_below_threshold
Agrostis stolonifera,6.951446632637744,3.2248145196418285,7.511293650624038,6.985841093667079,8.159983810245533,MAG,high,TRUE,low,Full Sun,borderline,low,TRUE,low,Cool Climate,borderline,high,FALSE,high,Requires Wet Soil,high_model_reliability,high,TRUE,very_low,Alkaline Soil,borderline; low_model_reliability,high,FALSE,high,Requires Fertile Soil,high_model_reliability,"L=high,M=med,R=med",0.050333333333333334,FALSE,joint_prob_below_threshold
Agrostis vinealis,7.428835182687946,3.01200106777162,6.245764179187619,6.550111666629483,5.989429265626436,MAG,high,FALSE,medium,Full Sun,,low,TRUE,low,Cool Climate,borderline,med,TRUE,medium,Average Moisture,borderline; high_model_reliability,high,TRUE,very_low,Alkaline Soil,borderline; low_model_reliability,med,FALSE,high,Average/Rich Soil,high_model_reliability,"L=high,M=med,R=med",0.212,FALSE,joint_prob_below_threshold
Aira caryophyllea,7.9175061861040446,3.3403603741989363,5.839922537672396,6.518149053708652,5.09962812886484,MAG,high,FALSE,medium,Full Sun,,low,TRUE,low,Cool Climate,borderline,med,FALSE,high,Average Moisture,high_model_reliability,high,TRUE,very_low,Alkaline Soil,borderline; low_model_reliability,med,FALSE,high,Average/Rich Soil,high_model_reliability,"L=high,M=med,R=med",0.26966666666666667,FALSE,joint_prob_below_threshold
Ajuga chamaepitys,7.230605682094184,3.817300165709595,5.585002161596866,7.102887777140724,5.574012787071029,MAG,high,FALSE,medium,Full Sun,,med,TRUE,low,Temperate,borderline,med,FALSE,high,Average Moisture,high_model_reliability,high,FALSE,low,Alkaline Soil,low_model_reliability,med,FALSE,high,Average/Rich Soil,high_model_reliability,"L=high,M=med,R=med",0.18,FALSE,joint_prob_below_threshold
Alchemilla glaucescens,6.516566776225077,3.512977385638668,6.474951294690104,7.296146354247082,7.099181973198523,MAG,high,TRUE,low,Full Sun,borderline,med,TRUE,low,Temperate,borderline,med,TRUE,medium,Average Moisture,borderline; high_model_reliability,high,FALSE,low,Alkaline Soil,low_model_reliability,high,FALSE,high,Requires Fertile Soil,high_model_reliability,"L=high,M=med,R=med",0.082,FALSE,joint_prob_below_threshold
Alchemilla monticola,6.325946085870059,3.5118570555097905,7.532638924415268,7.785242651978759,8.883815073725586,MAG,med,TRUE,low,Partial Sun,borderline,med,TRUE,low,Temperate,borderline,high,FALSE,high,Requires Wet Soil,high_model_reliability,high,FALSE,low,Alkaline Soil,low_model_reliability,high,FALSE,high,Requires Fertile Soil,high_model_reliability,"L=high,M=med,R=med",0.018666666666666668,FALSE,joint_prob_below_threshold
Alchemilla xanthochlora,5.934038139415338,3.5264868597381573,7.628329917983471,7.684042070378501,9.391041792090212,MAG,med,FALSE,medium,Partial Sun,,med,TRUE,low,Temperate,borderline,high,FALSE,high,Requires Wet Soil,high_model_reliability,high,FALSE,low,Alkaline Soil,low_model_reliability,high,FALSE,high,Requires Fertile Soil,high_model_reliability,"L=high,M=med,R=med",0.016,FALSE,joint_prob_below_threshold
Alisma gramineum,6.0312409607718465,3.788294017639919,10.379788923631605,8.921825643247745,13.492259221090922,MAG,med,TRUE,low,Partial Sun,borderline,med,TRUE,low,Temperate,borderline,high,FALSE,high,Requires Wet Soil,high_model_reliability,high,FALSE,low,Alkaline Soil,low_model_reliability,high,FALSE,high,Requires Fertile Soil,high_model_reliability,"L=high,M=med,R=med",0,FALSE,joint_prob_below_threshold
Alliaria petiolata,4.994388040924069,4.140161645090799,6.115433398624269,7.540958313346893,9.207727912630595,MAG,med,FALSE,medium,Partial Sun,,med,FALSE,medium,Temperate,,med,TRUE,medium,Average Moisture,borderline; high_model_reliability,high,FALSE,low,Alkaline Soil,low_model_reliability,high,FALSE,high,Requires Fertile Soil,high_model_reliability,"L=high,M=med,R=med",0.020666666666666667,FALSE,joint_prob_below_threshold
Allium carinatum,6.142489299337219,4.219027711412127,8.728146312471495,8.25853870523505,10.548472532478614,MAG,med,TRUE,low,Partial Sun,borderline,med,FALSE,medium,Temperate,,high,FALSE,high,Requires Wet Soil,high_model_reliability,high,FALSE,low,Alkaline Soil,low_model_reliability,high,FALSE,high,Requires Fertile Soil,high_model_reliability,"L=high,M=med,R=med",0.0013333333333333333,FALSE,joint_prob_below_threshold
Allium ericetorum,6.651197214748078,4.1591740709977465,7.0164542247397925,7.573668683361713,7.70964185038545,MAG,high,TRUE,low,Full Sun,borderline,med,FALSE,medium,Temperate,,high,FALSE,high,Requires Wet Soil,high_model_reliability,high,FALSE,low,Alkaline Soil,low_model_reliability,high,FALSE,high,Requires Fertile Soil,high_model_reliability,"L=high,M=med,R=med",0.04766666666666667,FALSE,joint_prob_below_threshold
Allium senescens,6.637065956808849,3.99689593837697,7.064118861966288,7.750293237429647,8.100391443954663,MAG,high,TRUE,low,Full Sun,borderline,med,TRUE,low,Temperate,borderline,high,FALSE,high,Requires Wet Soil,high_model_reliability,high,FALSE,low,Alkaline Soil,low_model_reliability,high,FALSE,high,Requires Fertile Soil,high_model_reliability,"L=high,M=med,R=med",0.03766666666666667,FALSE,joint_prob_below_threshold
Allium sphaerocephalon,6.373917465772917,4.246365382152696,8.279978404103538,8.064033097780657,8.64511550593372,MAG,med,TRUE,low,Partial Sun,borderline,med,FALSE,medium,Temperate,,high,FALSE,high,Requires Wet Soil,high_model_reliability,high,FALSE,low,Alkaline Soil,low_model_reliability,high,FALSE,high,Requires Fertile Soil,high_model_reliability,"L=high,M=med,R=med",0.004666666666666667,FALSE,joint_prob_below_threshold
Allium ursinum,5.128280756309282,4.402707745946848,8.751097729062518,8.808808285815788,12.99281390405424,MAG,med,FALSE,medium,Partial Sun,,med,FALSE,medium,Temperate,,high,FALSE,high,Requires Wet Soil,high_model_reliability,high,FALSE,low,Alkaline Soil,low_model_reliability,high,FALSE,high,Requires Fertile Soil,high_model_reliability,"L=high,M=med,R=med",6.666666666666666e-4,FALSE,joint_prob_below_threshold
Alnus cordata,4.024520550866453,5.6471082131114105,9.14110101144433,7.942656689004038,12.984005442436445,MAG,med,FALSE,medium,Partial Sun,,med,FALSE,medium,Temperate,,high,FALSE,high,Requires Wet Soil,high_model_reliability,high,FALSE,low,Alkaline Soil,low_model_reliability,high,FALSE,high,Requires Fertile Soil,high_model_reliability,"L=high,M=med,R=med",0,FALSE,joint_prob_below_threshold
Alnus glutinosa,4.338025081117471,5.420582941559194,8.838459724768022,7.626579125866572,12.167706374912902,MAG,med,FALSE,medium,Partial Sun,,med,FALSE,medium,Temperate,,high,FALSE,high,Requires Wet Soil,high_model_reliability,high,FALSE,low,Alkaline Soil,low_model_reliability,high,FALSE,high,Requires Fertile Soil,high_model_reliability,"L=high,M=med,R=med",3.333333333333333e-4,FALSE,joint_prob_below_threshold
Alnus incana,4.650583313740052,4.941142201345342,8.537501213048552,7.46534913507648,11.53833472812656,MAG,med,FALSE,medium,Partial Sun,,med,FALSE,medium,Temperate,,high,FALSE,high,Requires Wet Soil,high_model_reliability,high,FALSE,low,Alkaline Soil,low_model_reliability,high,FALSE,high,Requires Fertile Soil,high_model_reliability,"L=high,M=med,R=med",0.001,FALSE,joint_prob_below_threshold
Alopecurus pratensis,5.815308957279936,4.014343570247079,6.119946552168164,7.022971498803511,7.591014746004802,MAG,med,FALSE,medium,Partial Sun,,med,FALSE,medium,Temperate,,med,TRUE,medium,Average Moisture,borderline; high_model_reliability,high,FALSE,low,Alkaline Soil,low_model_reliability,high,FALSE,high,Requires Fertile Soil,high_model_reliability,"L=high,M=med,R=med",0.08166666666666667,FALSE,joint_prob_below_threshold
Alternanthera pungens,6.667451974174065,3.2926267355475716,6.308465058364356,7.261188087840024,7.79065969272642,MAG,high,TRUE,low,Full Sun,borderline,low,TRUE,low,Cool Climate,borderline,med,TRUE,medium,Average Moisture,borderline; high_model_reliability,high,FALSE,low,Alkaline Soil,low_model_reliability,high,FALSE,high,Requires Fertile Soil,high_model_reliability,"L=high,M=med,R=med",0.10266666666666667,FALSE,joint_prob_below_threshold
Amaranthus deflexus,5.940917425758318,3.7374939265061298,7.975957083359325,7.858692944111534,10.952450706336611,MAG,med,FALSE,medium,Partial Sun,,med,TRUE,low,Temperate,borderline,high,FALSE,high,Requires Wet Soil,high_model_reliability,high,FALSE,low,Alkaline Soil,low_model_reliability,high,FALSE,high,Requires Fertile Soil,high_model_reliability,"L=high,M=med,R=med",0.007333333333333333,FALSE,joint_prob_below_threshold
Amaranthus hybridus,5.665834976149453,4.01413298325311,8.258194980998637,7.836844453894375,10.78682693020263,MAG,med,FALSE,medium,Partial Sun,,med,FALSE,medium,Temperate,,high,FALSE,high,Requires Wet Soil,high_model_reliability,high,FALSE,low,Alkaline Soil,low_model_reliability,high,FALSE,high,Requires Fertile Soil,high_model_reliability,"L=high,M=med,R=med",0.004333333333333333,FALSE,joint_prob_below_threshold
Amaranthus powellii subsp. bouchonii,5.624307671439253,3.845876407293918,8.116303769604203,7.83330655267061,11.107426186939652,MAG,med,FALSE,medium,Partial Sun,,med,TRUE,low,Temperate,borderline,high,FALSE,high,Requires Wet Soil,high_model_reliability,high,FALSE,low,Alkaline Soil,low_model_reliability,high,FALSE,high,Requires Fertile Soil,high_model_reliability,"L=high,M=med,R=med",0.005,FALSE,joint_prob_below_threshold
Amaranthus retroflexus,5.773879544381343,3.811961701222901,8.014049048151694,7.783123381532695,10.18355155771005,MAG,med,FALSE,medium,Partial Sun,,med,TRUE,low,Temperate,borderline,high,FALSE,high,Requires Wet Soil,high_model_reliability,high,FALSE,low,Alkaline Soil,low_model_reliability,high,FALSE,high,Requires Fertile Soil,high_model_reliability,"L=high,M=med,R=med",0.007333333333333333,FALSE,joint_prob_below_threshold
Ambrosia artemisiifolia,5.672085817031991,4.652104754998019,7.1424763245071405,7.71550298313312,9.32300531172322,MAG,med,FALSE,medium,Partial Sun,,med,FALSE,medium,Temperate,,high,FALSE,high,Requires Wet Soil,high_model_reliability,high,FALSE,low,Alkaline Soil,low_model_reliability,high,FALSE,high,Requires Fertile Soil,high_model_reliability,"L=high,M=med,R=med",0.021,FALSE,joint_prob_below_threshold
Ambrosia psilostachya,5.905567216836085,4.668571194954666,5.991993479088572,7.337030284864044,7.355897095363886,MAG,med,FALSE,medium,Partial Sun,,med,FALSE,medium,Temperate,,med,FALSE,high,Average Moisture,high_model_reliability,high,FALSE,low,Alkaline Soil,low_model_reliability,high,FALSE,high,Requires Fertile Soil,high_model_reliability,"L=high,M=med,R=med",0.073,FALSE,joint_prob_below_threshold
Ambrosia tenuifolia,6.04696997691861,4.497070000437856,6.310639838189891,7.532778506119808,7.75356515484867,MAG,med,TRUE,low,Partial Sun,borderline,med,FALSE,medium,Temperate,,med,TRUE,medium,Average Moisture,borderline; high_model_reliability,high,FALSE,low,Alkaline Soil,low_model_reliability,high,FALSE,high,Requires Fertile Soil,high_model_reliability,"L=high,M=med,R=med",0.058333333333333334,FALSE,joint_prob_below_threshold
Ambrosia trifida,4.456439053444741,4.931047069035858,7.978490425512424,8.406937933278131,12.477583208753488,MAG,med,FALSE,medium,Partial Sun,,med,FALSE,medium,Temperate,,high,FALSE,high,Requires Wet Soil,high_model_reliability,high,FALSE,low,Alkaline Soil,low_model_reliability,high,FALSE,high,Requires Fertile Soil,high_model_reliability,"L=high,M=med,R=med",0.0013333333333333333,FALSE,joint_prob_below_threshold
Anaphalis margaritacea,6.640333057337937,3.4369963303962137,8.288430252184906,7.224934142905911,8.659043705058195,MAG,high,TRUE,low,Full Sun,borderline,low,TRUE,low,Cool Climate,borderline,high,FALSE,high,Requires Wet Soil,high_model_reliability,high,FALSE,low,Alkaline Soil,low_model_reliability,high,FALSE,high,Requires Fertile Soil,high_model_reliability,"L=high,M=med,R=med",0.011666666666666667,FALSE,joint_prob_below_threshold
Andromeda polifolia,7.921700224148705,3.511259094533809,5.37499805337772,6.269203018313842,3.666318957804727,MAG,high,FALSE,medium,Full Sun,,med,TRUE,low,Temperate,borderline,med,FALSE,high,Average Moisture,high_model_reliability,med,TRUE,very_low,Neutral Soil,borderline; low_model_reliability,med,TRUE,medium,Average/Rich Soil,borderline; high_model_reliability,"L=high,M=med,R=med",0.3436666666666667,FALSE,joint_prob_below_threshold
Androsace septentrionalis,8.22497851601913,3.024892183841754,5.296617216023509,6.593296510025573,4.095247510372761,MAG,high,FALSE,medium,Full Sun,,low,TRUE,low,Cool Climate,borderline,med,FALSE,high,Average Moisture,high_model_reliability,high,TRUE,very_low,Alkaline Soil,borderline; low_model_reliability,med,FALSE,high,Average/Rich Soil,high_model_reliability,"L=high,M=med,R=med",0.3,FALSE,joint_prob_below_threshold
Angelica archangelica,5.071730970702145,4.808158142329964,8.229672287833864,8.150214747910475,11.316229399278113,MAG,med,FALSE,medium,Partial Sun,,med,FALSE,medium,Temperate,,high,FALSE,high,Requires Wet Soil,high_model_reliability,high,FALSE,low,Alkaline Soil,low_model_reliability,high,FALSE,high,Requires Fertile Soil,high_model_reliability,"L=high,M=med,R=med",0.002,FALSE,joint_prob_below_threshold
Angelica sylvestris,5.267385775114857,4.292853835110131,8.395880270117743,8.074359810149515,11.289215010645504,MAG,med,FALSE,medium,Partial Sun,,med,FALSE,medium,Temperate,,high,FALSE,high,Requires Wet Soil,high_model_reliability,high,FALSE,low,Alkaline Soil,low_model_reliability,high,FALSE,high,Requires Fertile Soil,high_model_reliability,"L=high,M=med,R=med",0.0013333333333333333,FALSE,joint_prob_below_threshold
Antennaria dioica,7.984197774862615,2.959908711818633,6.102550013316214,6.506945474710616,4.743214104556702,MAG,high,FALSE,medium,Full Sun,,low,FALSE,medium,Cool Climate,,med,TRUE,medium,Average Moisture,borderline; high_model_reliability,high,TRUE,very_low,Alkaline Soil,borderline; low_model_reliability,med,FALSE,high,Average/Rich Soil,high_model_reliability,"L=high,M=med,R=med",0.242,FALSE,joint_prob_below_threshold
Anthemis arvensis,6.768499636751709,3.6731269151512023,5.175683130040482,6.66869275382069,5.364658274499321,MAG,high,TRUE,low,Full Sun,borderline,med,TRUE,low,Temperate,borderline,med,FALSE,high,Average Moisture,high_model_reliability,high,TRUE,very_low,Alkaline Soil,borderline; low_model_reliability,med,FALSE,high,Average/Rich Soil,high_model_reliability,"L=high,M=med,R=med",0.211,FALSE,joint_prob_below_threshold
Anthemis cotula,5.908581586615339,3.869246152469606,8.031228291028597,7.812251703180903,10.197386759015878,MAG,med,FALSE,medium,Partial Sun,,med,TRUE,low,Temperate,borderline,high,FALSE,high,Requires Wet Soil,high_model_reliability,high,FALSE,low,Alkaline Soil,low_model_reliability,high,FALSE,high,Requires Fertile Soil,high_model_reliability,"L=high,M=med,R=med",0.007333333333333333,FALSE,joint_prob_below_threshold
Anthemis cretica,6.870219757791475,3.9259770683549897,6.699456973402038,7.248655842679266,7.1570640979575115,MAG,high,TRUE,low,Full Sun,borderline,med,TRUE,low,Temperate,borderline,high,TRUE,medium,Requires Wet Soil,borderline; high_model_reliability,high,FALSE,low,Alkaline Soil,low_model_reliability,high,FALSE,high,Requires Fertile Soil,high_model_reliability,"L=high,M=med,R=med",0.087,FALSE,joint_prob_below_threshold
Anthericum ramosum,5.881428652966798,4.568221188343272,7.749800608826346,8.055112605863556,9.196063384219146,MAG,med,FALSE,medium,Partial Sun,,med,FALSE,medium,Temperate,,high,FALSE,high,Requires Wet Soil,high_model_reliability,high,FALSE,low,Alkaline Soil,low_model_reliability,high,FALSE,high,Requires Fertile Soil,high_model_reliability,"L=high,M=med,R=med",0.008333333333333333,FALSE,joint_prob_below_threshold
Anthoxanthum odoratum,6.789044410137507,3.695150551950003,6.854084660552127,7.262999858183506,7.380069959029837,MAG,high,TRUE,low,Full Sun,borderline,med,TRUE,low,Temperate,borderline,high,TRUE,medium,Requires Wet Soil,borderline; high_model_reliability,high,FALSE,low,Alkaline Soil,low_model_reliability,high,FALSE,high,Requires Fertile Soil,high_model_reliability,"L=high,M=med,R=med",0.07733333333333334,FALSE,joint_prob_below_threshold
Anthriscus sylvestris,5.51162701026927,4.714052766529402,7.361930392431347,7.798052652726556,9.90720964860803,MAG,med,FALSE,medium,Partial Sun,,med,FALSE,medium,Temperate,,high,FALSE,high,Requires Wet Soil,high_model_reliability,high,FALSE,low,Alkaline Soil,low_model_reliability,high,FALSE,high,Requires Fertile Soil,high_model_reliability,"L=high,M=med,R=med",0.012333333333333333,FALSE,joint_prob_below_threshold
Anthyllis montana,6.728446965489972,3.745946353939088,4.656421033191557,7.110298697645303,5.09539377955181,MAG,high,TRUE,low,Full Sun,borderline,med,TRUE,low,Temperate,borderline,med,FALSE,high,Average Moisture,high_model_reliability,high,FALSE,low,Alkaline Soil,low_model_reliability,med,FALSE,high,Average/Rich Soil,high_model_reliability,"L=high,M=med,R=med",0.15133333333333332,FALSE,joint_prob_below_threshold
Anthyllis vulneraria,6.462762232945915,4.206855894818206,5.5107051274692,7.398338476376516,6.714091977328409,MAG,med,TRUE,low,Partial Sun,borderline,med,FALSE,medium,Temperate,,med,FALSE,high,Average Moisture,high_model_reliability,high,FALSE,low,Alkaline Soil,low_model_reliability,high,TRUE,medium,Requires Fertile Soil,borderline; high_model_reliability,"L=high,M=med,R=med",0.10666666666666667,FALSE,joint_prob_below_threshold
Aphanes arvensis,7.8766799305218544,3.2568975131033984,5.615498491110284,6.538797940724841,4.489348269148998,MAG,high,FALSE,medium,Full Sun,,low,TRUE,low,Cool Climate,borderline,med,FALSE,high,Average Moisture,high_model_reliability,high,TRUE,very_low,Alkaline Soil,borderline; low_model_reliability,med,FALSE,high,Average/Rich Soil,high_model_reliability,"L=high,M=med,R=med",0.286,FALSE,joint_prob_below_threshold
Aphyllanthes monspeliensis,7.149239138670829,4.098904994170571,5.665986738895952,6.878743300578005,4.875010981379188,MAG,high,FALSE,medium,Full Sun,,med,FALSE,medium,Temperate,,med,FALSE,high,Average Moisture,high_model_reliability,high,TRUE,very_low,Alkaline Soil,borderline; low_model_reliability,med,FALSE,high,Average/Rich Soil,high_model_reliability,"L=high,M=med,R=med",0.203,FALSE,joint_prob_below_threshold
Aposeris foetida,5.963017433599088,3.768932196660567,7.021384780448377,8.046978460134438,9.26948823866307,MAG,med,FALSE,medium,Partial Sun,,med,TRUE,low,Temperate,borderline,high,FALSE,high,Requires Wet Soil,high_model_reliability,high,FALSE,low,Alkaline Soil,low_model_reliability,high,FALSE,high,Requires Fertile Soil,high_model_reliability,"L=high,M=med,R=med",0.021333333333333333,FALSE,joint_prob_below_threshold
Aquilegia atrata,5.06091830829564,4.0265720388589,8.10326752622756,8.232390369113283,11.718853014433202,MAG,med,FALSE,medium,Partial Sun,,med,FALSE,medium,Temperate,,high,FALSE,high,Requires Wet Soil,high_model_reliability,high,FALSE,low,Alkaline Soil,low_model_reliability,high,FALSE,high,Requires Fertile Soil,high_model_reliability,"L=high,M=med,R=med",0.0023333333333333335,FALSE,joint_prob_below_threshold
Aquilegia einseleana,6.391374441641847,3.661586259112125,6.341039841733127,7.399814976394476,7.664243838627556,MAG,med,TRUE,low,Partial Sun,borderline,med,TRUE,low,Temperate,borderline,med,TRUE,medium,Average Moisture,borderline; high_model_reliability,high,FALSE,low,Alkaline Soil,low_model_reliability,high,FALSE,high,Requires Fertile Soil,high_model_reliability,"L=high,M=med,R=med",0.07866666666666666,FALSE,joint_prob_below_threshold
Aquilegia vulgaris,5.552947847602426,4.210538469395078,7.320353720798732,7.716473943514414,9.449016157007735,MAG,med,FALSE,medium,Partial Sun,,med,FALSE,medium,Temperate,,high,FALSE,high,Requires Wet Soil,high_model_reliability,high,FALSE,low,Alkaline Soil,low_model_reliability,high,FALSE,high,Requires Fertile Soil,high_model_reliability,"L=high,M=med,R=med",0.014,FALSE,joint_prob_below_threshold
Arabidopsis thaliana,7.393254426321779,2.6634876444101723,8.01046058938753,7.258679895631561,8.836443871394753,MAG,high,FALSE,medium,Full Sun,,low,FALSE,medium,Cool Climate,,high,FALSE,high,Requires Wet Soil,high_model_reliability,high,FALSE,low,Alkaline Soil,low_model_reliability,high,FALSE,high,Requires Fertile Soil,high_model_reliability,"L=high,M=med,R=med",0.021666666666666667,FALSE,joint_prob_below_threshold
Arabis alpina,7.239782687537986,3.397178256701932,6.73631104909267,7.1415745855711386,7.293248314204909,MAG,high,FALSE,medium,Full Sun,,low,TRUE,low,Cool Climate,borderline,high,TRUE,medium,Requires Wet Soil,borderline; high_model_reliability,high,FALSE,low,Alkaline Soil,low_model_reliability,high,FALSE,high,Requires Fertile Soil,high_model_reliability,"L=high,M=med,R=med",0.10066666666666667,FALSE,joint_prob_below_threshold
Arabis hirsuta,7.121872602869926,3.5504586072385433,7.785253347574307,7.183368359644612,7.969466036424473,MAG,high,FALSE,medium,Full Sun,,med,TRUE,low,Temperate,borderline,high,FALSE,high,Requires Wet Soil,high_model_reliability,high,FALSE,low,Alkaline Soil,low_model_reliability,high,FALSE,high,Requires Fertile Soil,high_model_reliability,"L=high,M=med,R=med",0.03166666666666667,FALSE,joint_prob_below_threshold
Arbutus unedo,5.282438799065865,5.063179626028245,6.083010155287006,6.730448663170039,7.840478528087914,MAG,med,FALSE,medium,Partial Sun,,med,FALSE,medium,Temperate,,med,TRUE,medium,Average Moisture,borderline; high_model_reliability,high,TRUE,very_low,Alkaline Soil,borderline; low_model_reliability,high,FALSE,high,Requires Fertile Soil,high_model_reliability,"L=high,M=med,R=med",0.058333333333333334,FALSE,joint_prob_below_threshold
Arctium lappa,4.42916588477989,5.046166622094131,8.116609945910103,8.409237921188637,12.3886564117115,MAG,med,FALSE,medium,Partial Sun,,med,FALSE,medium,Temperate,,high,FALSE,high,Requires Wet Soil,high_model_reliability,high,FALSE,low,Alkaline Soil,low_model_reliability,high,FALSE,high,Requires Fertile Soil,high_model_reliability,"L=high,M=med,R=med",0.0013333333333333333,FALSE,joint_prob_below_threshold
Arctium minus,3.917171908892779,4.6234267198092684,8.64156514089369,8.890271807939643,13.623089027252078,MAG,med,TRUE,low,Partial Sun,borderline,med,FALSE,medium,Temperate,,high,FALSE,high,Requires Wet Soil,high_model_reliability,high,FALSE,low,Alkaline Soil,low_model_reliability,high,FALSE,high,Requires Fertile Soil,high_model_reliability,"L=high,M=med,R=med",0,FALSE,joint_prob_below_threshold
Arenaria aggregata,8.637721406294824,3.1512398676127167,3.655674745215599,5.910462206864572,1.3734453084130678,MAG,high,FALSE,medium,Full Sun,,low,TRUE,low,Cool Climate,borderline,med,TRUE,medium,Average Moisture,borderline; high_model_reliability,med,FALSE,low,Neutral Soil,low_model_reliability,low,FALSE,high,Poor Soil,high_model_reliability,"L=high,M=med,R=med",0.2763333333333333,FALSE,joint_prob_below_threshold
Arenaria serpyllifolia,8.595621322805341,3.232744892739125,6.792614411008715,6.750571896412854,4.918686790622809,MAG,high,FALSE,medium,Full Sun,,low,TRUE,low,Cool Climate,borderline,high,TRUE,medium,Requires Wet Soil,borderline; high_model_reliability,high,TRUE,very_low,Alkaline Soil,borderline; low_model_reliability,med,FALSE,high,Average/Rich Soil,high_model_reliability,"L=high,M=med,R=med",0.128,FALSE,joint_prob_below_threshold
Aristida adscensionis,7.1374432791046685,3.922960890402311,5.307974915080333,6.521077178260276,4.888728313487723,MAG,high,FALSE,medium,Full Sun,,med,TRUE,low,Temperate,borderline,med,FALSE,high,Average Moisture,high_model_reliability,high,TRUE,very_low,Alkaline Soil,borderline; low_model_reliability,med,FALSE,high,Average/Rich Soil,high_model_reliability,"L=high,M=med,R=med",0.262,FALSE,joint_prob_below_threshold
Armeria maritima,7.044333444300814,3.962765257881713,5.944879805237308,7.147767613877199,5.873732860539694,MAG,high,FALSE,medium,Full Sun,,med,TRUE,low,Temperate,borderline,med,FALSE,high,Average Moisture,high_model_reliability,high,FALSE,low,Alkaline Soil,low_model_reliability,med,FALSE,high,Average/Rich Soil,high_model_reliability,"L=high,M=med,R=med",0.15033333333333335,FALSE,joint_prob_below_threshold
Arnica montana,6.114428970942658,4.162228559426478,7.539418687767391,7.866118184040683,8.846915056575726,MAG,med,TRUE,low,Partial Sun,borderline,med,FALSE,medium,Temperate,,high,FALSE,high,Requires Wet Soil,high_model_reliability,high,FALSE,low,Alkaline Soil,low_model_reliability,high,FALSE,high,Requires Fertile Soil,high_model_reliability,"L=high,M=med,R=med",0.016,FALSE,joint_prob_below_threshold
Arrhenatherum elatius,5.538917103241683,4.604765614539548,7.886558218979334,7.956453323230486,10.65791179353912,MAG,med,FALSE,medium,Partial Sun,,med,FALSE,medium,Temperate,,high,FALSE,high,Requires Wet Soil,high_model_reliability,high,FALSE,low,Alkaline Soil,low_model_reliability,high,FALSE,high,Requires Fertile Soil,high_model_reliability,"L=high,M=med,R=med",0.005333333333333333,FALSE,joint_prob_below_threshold
Artemisia absinthium,6.341064536947562,3.7277272295206303,8.49146074431827,7.482264426235252,9.700175200438837,MAG,med,TRUE,low,Partial Sun,borderline,med,TRUE,low,Temperate,borderline,high,FALSE,high,Requires Wet Soil,high_model_reliability,high,FALSE,low,Alkaline Soil,low_model_reliability,high,FALSE,high,Requires Fertile Soil,high_model_reliability,"L=high,M=med,R=med",0.005333333333333333,FALSE,joint_prob_below_threshold
Artemisia campestris,7.06029934078043,3.743845365782935,7.772859430861036,7.152527988867857,7.788780896693956,MAG,high,FALSE,medium,Full Sun,,med,TRUE,low,Temperate,borderline,high,FALSE,high,Requires Wet Soil,high_model_reliability,high,FALSE,low,Alkaline Soil,low_model_reliability,high,FALSE,high,Requires Fertile Soil,high_model_reliability,"L=high,M=med,R=med",0.032,FALSE,joint_prob_below_threshold
Artemisia dracunculus,6.921723245291775,3.849456890660587,7.36254341841013,6.875048594725374,7.70702209104275,MAG,high,TRUE,low,Full Sun,borderline,med,TRUE,low,Temperate,borderline,high,FALSE,high,Requires Wet Soil,high_model_reliability,high,TRUE,very_low,Alkaline Soil,borderline; low_model_reliability,high,FALSE,high,Requires Fertile Soil,high_model_reliability,"L=high,M=med,R=med",0.06466666666666666,FALSE,joint_prob_below_threshold
Artemisia vulgaris,5.679328985875273,3.956122393422181,9.027987859762495,7.738909158903692,11.38495669188734,MAG,med,FALSE,medium,Partial Sun,,med,TRUE,low,Temperate,borderline,high,FALSE,high,Requires Wet Soil,high_model_reliability,high,FALSE,low,Alkaline Soil,low_model_reliability,high,FALSE,high,Requires Fertile Soil,high_model_reliability,"L=high,M=med,R=med",0.001,FALSE,joint_prob_below_threshold
Arum maculatum,4.61601449411296,4.74077154806485,7.863893369861464,8.963356845805777,12.965292604688177,MAG,med,FALSE,medium,Partial Sun,,med,FALSE,medium,Temperate,,high,FALSE,high,Requires Wet Soil,high_model_reliability,high,FALSE,low,Alkaline Soil,low_model_reliability,high,FALSE,high,Requires Fertile Soil,high_model_reliability,"L=high,M=med,R=med",3.333333333333333e-4,FALSE,joint_prob_below_threshold
Aruncus dioicus,4.6542379744810916,3.5486148662184567,10.335032328506312,8.512293157339553,14.580622177357489,MAG,med,FALSE,medium,Partial Sun,,med,TRUE,low,Temperate,borderline,high,FALSE,high,Requires Wet Soil,high_model_reliability,high,FALSE,low,Alkaline Soil,low_model_reliability,high,FALSE,high,Requires Fertile Soil,high_model_reliability,"L=high,M=med,R=med",0,FALSE,joint_prob_below_threshold
Arundo donax,5.274521822073632,4.011473433612871,9.246922522314868,7.651504288738876,11.368954383428909,MAG,med,FALSE,medium,Partial Sun,,med,FALSE,medium,Temperate,,high,FALSE,high,Requires Wet Soil,high_model_reliability,high,FALSE,low,Alkaline Soil,low_model_reliability,high,FALSE,high,Requires Fertile Soil,high_model_reliability,"L=high,M=med,R=med",0.001,FALSE,joint_prob_below_threshold
Asarum europaeum,5.9711355466907925,3.736887790407845,6.244775395386314,7.910934571522316,8.287844604352884,MAG,med,FALSE,medium,Partial Sun,,med,TRUE,low,Temperate,borderline,med,TRUE,medium,Average Moisture,borderline; high_model_reliability,high,FALSE,low,Alkaline Soil,low_model_reliability,high,FALSE,high,Requires Fertile Soil,high_model_reliability,"L=high,M=med,R=med",0.03866666666666667,FALSE,joint_prob_below_threshold
Asclepias syriaca,5.134963032041606,4.784741843172906,7.969734418441064,8.152654508757333,10.428002640151878,MAG,med,FALSE,medium,Partial Sun,,med,FALSE,medium,Temperate,,high,FALSE,high,Requires Wet Soil,high_model_reliability,high,FALSE,low,Alkaline Soil,low_model_reliability,high,FALSE,high,Requires Fertile Soil,high_model_reliability,"L=high,M=med,R=med",0.0026666666666666666,FALSE,joint_prob_below_threshold
Aster alpinus,7.128093388870504,3.315970923481478,5.291777195778021,6.911322293729538,5.511534195275417,MAG,high,FALSE,medium,Full Sun,,low,TRUE,low,Cool Climate,borderline,med,FALSE,high,Average Moisture,high_model_reliability,high,TRUE,very_low,Alkaline Soil,borderline; low_model_reliability,med,FALSE,high,Average/Rich Soil,high_model_reliability,"L=high,M=med,R=med",0.21233333333333335,FALSE,joint_prob_below_threshold
Aster amellus,6.626293159252569,3.8763967501370806,6.902010038702635,7.35953339506181,7.457591430815019,MAG,high,TRUE,low,Full Sun,borderline,med,TRUE,low,Temperate,borderline,high,TRUE,medium,Requires Wet Soil,borderline; high_model_reliability,high,FALSE,low,Alkaline Soil,low_model_reliability,high,FALSE,high,Requires Fertile Soil,high_model_reliability,"L=high,M=med,R=med",0.06433333333333334,FALSE,joint_prob_below_threshold
Astragalus alpinus,6.900086690990395,3.817519885091311,5.222314175004501,7.142680773061707,6.9323803548980925,MAG,high,TRUE,low,Full Sun,borderline,med,TRUE,low,Temperate,borderline,med,FALSE,high,Average Moisture,high_model_reliability,high,FALSE,low,Alkaline Soil,low_model_reliability,high,TRUE,medium,Requires Fertile Soil,borderline; high_model_reliability,"L=high,M=med,R=med",0.16866666666666666,FALSE,joint_prob_below_threshold
Astrantia major,5.09540870152868,4.406165479938515,9.356548118991627,8.875293670781746,13.387265061432316,MAG,med,FALSE,medium,Partial Sun,,med,FALSE,medium,Temperate,,high,FALSE,high,Requires Wet Soil,high_model_reliability,high,FALSE,low,Alkaline Soil,low_model_reliability,high,FALSE,high,Requires Fertile Soil,high_model_reliability,"L=high,M=med,R=med",0,FALSE,joint_prob_below_threshold
Atriplex littoralis,6.000310270294242,4.414585433529827,8.110276700501304,7.889239429685734,10.01888720367131,MAG,med,TRUE,low,Partial Sun,borderline,med,FALSE,medium,Temperate,,high,FALSE,high,Requires Wet Soil,high_model_reliability,high,FALSE,low,Alkaline Soil,low_model_reliability,high,FALSE,high,Requires Fertile Soil,high_model_reliability,"L=high,M=med,R=med",0.006,FALSE,joint_prob_below_threshold
Avena barbata,6.213376432620225,4.773765973406351,6.101638459319641,7.353094671323131,7.338505914017912,MAG,med,TRUE,low,Partial Sun,borderline,med,FALSE,medium,Temperate,,med,TRUE,medium,Average Moisture,borderline; high_model_reliability,high,FALSE,low,Alkaline Soil,low_model_reliability,high,FALSE,high,Requires Fertile Soil,high_model_reliability,"L=high,M=med,R=med",0.084,FALSE,joint_prob_below_threshold
Avena fatua,4.7954217777629555,4.956671889991055,7.448584758659004,8.222695998229666,10.763560077994956,MAG,med,FALSE,medium,Partial Sun,,med,FALSE,medium,Temperate,,high,FALSE,high,Requires Wet Soil,high_model_reliability,high,FALSE,low,Alkaline Soil,low_model_reliability,high,FALSE,high,Requires Fertile Soil,high_model_reliability,"L=high,M=med,R=med",0.004,FALSE,joint_prob_below_threshold
Avena sativa,4.229882289431382,5.172764553784254,7.771257006885578,8.588442447575988,12.949266657665046,MAG,med,FALSE,medium,Partial Sun,,med,FALSE,medium,Temperate,,high,FALSE,high,Requires Wet Soil,high_model_reliability,high,FALSE,low,Alkaline Soil,low_model_reliability,high,FALSE,high,Requires Fertile Soil,high_model_reliability,"L=high,M=med,R=med",3.333333333333333e-4,FALSE,joint_prob_below_threshold
Avena sterilis,5.342152644944886,4.996914327906608,6.8590273075437995,7.996001936100834,9.346630991365243,MAG,med,FALSE,medium,Partial Sun,,med,FALSE,medium,Temperate,,high,TRUE,medium,Requires Wet Soil,borderline; high_model_reliability,high,FALSE,low,Alkaline Soil,low_model_reliability,high,FALSE,high,Requires Fertile Soil,high_model_reliability,"L=high,M=med,R=med",0.015666666666666666,FALSE,joint_prob_below_threshold
Bartsia alpina,7.168324026445782,3.516867155715145,6.521330399149636,7.0928168056668035,6.494414256969719,MAG,high,FALSE,medium,Full Sun,,med,TRUE,low,Temperate,borderline,high,TRUE,medium,Requires Wet Soil,borderline; high_model_reliability,high,FALSE,low,Alkaline Soil,low_model_reliability,med,TRUE,medium,Average/Rich Soil,borderline; high_model_reliability,"L=high,M=med,R=med",0.12233333333333334,FALSE,joint_prob_below_threshold
Bassia prostrata,6.360802424267064,3.780606216994784,6.714696725694565,7.2115833305240145,7.9638582879436175,MAG,med,TRUE,low,Partial Sun,borderline,med,TRUE,low,Temperate,borderline,high,TRUE,medium,Requires Wet Soil,borderline; high_model_reliability,high,FALSE,low,Alkaline Soil,low_model_reliability,high,FALSE,high,Requires Fertile Soil,high_model_reliability,"L=high,M=med,R=med",0.06933333333333333,FALSE,joint_prob_below_threshold
Bassia scoparia,6.376209405735359,4.550726483363338,7.306376883315889,7.307427986523654,9.032050388756586,MAG,med,TRUE,low,Partial Sun,borderline,med,FALSE,medium,Temperate,,high,FALSE,high,Requires Wet Soil,high_model_reliability,high,FALSE,low,Alkaline Soil,low_model_reliability,high,FALSE,high,Requires Fertile Soil,high_model_reliability,"L=high,M=med,R=med",0.035,FALSE,joint_prob_below_threshold
Bellis perennis,7.428015342194269,2.9362829729518336,7.526928750544531,7.625895358591868,8.010498481083427,MAG,high,FALSE,medium,Full Sun,,low,FALSE,medium,Cool Climate,,high,FALSE,high,Requires Wet Soil,high_model_reliability,high,FALSE,low,Alkaline Soil,low_model_reliability,high,FALSE,high,Requires Fertile Soil,high_model_reliability,"L=high,M=med,R=med",0.03233333333333333,FALSE,joint_prob_below_threshold
Berberis vulgaris,5.242215906509404,5.168152901481477,4.629218854828955,6.683103578290137,6.478467134002314,MAG,med,FALSE,medium,Partial Sun,,med,FALSE,medium,Temperate,,med,FALSE,high,Average Moisture,high_model_reliability,high,TRUE,very_low,Alkaline Soil,borderline; low_model_reliability,med,TRUE,medium,Average/Rich Soil,borderline; high_model_reliability,"L=high,M=med,R=med",0.05566666666666667,FALSE,joint_prob_below_threshold
Berteroa incana,6.7390759383170895,4.085407815115652,6.885416930899872,7.162170464846008,7.37121284491976,MAG,high,TRUE,low,Full Sun,borderline,med,FALSE,medium,Temperate,,high,TRUE,medium,Requires Wet Soil,borderline; high_model_reliability,high,FALSE,low,Alkaline Soil,low_model_reliability,high,FALSE,high,Requires Fertile Soil,high_model_reliability,"L=high,M=med,R=med",0.07866666666666666,FALSE,joint_prob_below_threshold
Berula erecta,5.316775949334535,4.141594623379673,9.29613605632976,8.318634199003977,13.044614538359072,MAG,med,FALSE,medium,Partial Sun,,med,FALSE,medium,Temperate,,high,FALSE,high,Requires Wet Soil,high_model_reliability,high,FALSE,low,Alkaline Soil,low_model_reliability,high,FALSE,high,Requires Fertile Soil,high_model_reliability,"L=high,M=med,R=med",6.666666666666666e-4,FALSE,joint_prob_below_threshold
Betula alleghaniensis,4.31395359314585,5.378307898047637,8.666891193291397,7.304422599597153,11.76039371477716,MAG,med,FALSE,medium,Partial Sun,,med,FALSE,medium,Temperate,,high,FALSE,high,Requires Wet Soil,high_model_reliability,high,FALSE,low,Alkaline Soil,low_model_reliability,high,FALSE,high,Requires Fertile Soil,high_model_reliability,"L=high,M=med,R=med",6.666666666666666e-4,FALSE,joint_prob_below_threshold
Betula papyrifera,4.864427150834153,4.933247408136308,8.688028256271803,7.223802855893403,11.14926748833891,MAG,med,FALSE,medium,Partial Sun,,med,FALSE,medium,Temperate,,high,FALSE,high,Requires Wet Soil,high_model_reliability,high,FALSE,low,Alkaline Soil,low_model_reliability,high,FALSE,high,Requires Fertile Soil,high_model_reliability,"L=high,M=med,R=med",0.0023333333333333335,FALSE,joint_prob_below_threshold
Betula pendula,4.962775806914558,5.0672173923751584,7.86362716485797,7.042048151988432,10.162378737794134,MAG,med,FALSE,medium,Partial Sun,,med,FALSE,medium,Temperate,,high,FALSE,high,Requires Wet Soil,high_model_reliability,high,FALSE,low,Alkaline Soil,low_model_reliability,high,FALSE,high,Requires Fertile Soil,high_model_reliability,"L=high,M=med,R=med",0.007,FALSE,joint_prob_below_threshold
Betula pubescens,5.315178685157035,4.822243729497322,8.673216441220493,7.0740400480852985,10.524931647979487,MAG,med,FALSE,medium,Partial Sun,,med,FALSE,medium,Temperate,,high,FALSE,high,Requires Wet Soil,high_model_reliability,high,FALSE,low,Alkaline Soil,low_model_reliability,high,FALSE,high,Requires Fertile Soil,high_model_reliability,"L=high,M=med,R=med",0.0036666666666666666,FALSE,joint_prob_below_threshold
Bidens frondosa,5.6655932608201995,4.564566643531179,7.640002939867598,8.000229805635577,10.01802314666015,MAG,med,FALSE,medium,Partial Sun,,med,FALSE,medium,Temperate,,high,FALSE,high,Requires Wet Soil,high_model_reliability,high,FALSE,low,Alkaline Soil,low_model_reliability,high,FALSE,high,Requires Fertile Soil,high_model_reliability,"L=high,M=med,R=med",0.009666666666666667,FALSE,joint_prob_below_threshold
Bidens tripartita,5.583209280431586,4.387599828634141,7.798572380483225,8.01865203784028,10.18378699259599,MAG,med,FALSE,medium,Partial Sun,,med,FALSE,medium,Temperate,,high,FALSE,high,Requires Wet Soil,high_model_reliability,high,FALSE,low,Alkaline Soil,low_model_reliability,high,FALSE,high,Requires Fertile Soil,high_model_reliability,"L=high,M=med,R=med",0.005666666666666667,FALSE,joint_prob_below_threshold
Biscutella laevigata,5.909118338531546,4.263564017929489,6.859160002455549,7.894389078292496,9.0743307670376,MAG,med,FALSE,medium,Partial Sun,,med,FALSE,medium,Temperate,,high,TRUE,medium,Requires Wet Soil,borderline; high_model_reliability,high,FALSE,low,Alkaline Soil,low_model_reliability,high,FALSE,high,Requires Fertile Soil,high_model_reliability,"L=high,M=med,R=med",0.028,FALSE,joint_prob_below_threshold
Blackstonia perfoliata,7.615268388517065,2.8449143802729218,8.140230268584729,6.976603879944108,7.533206478103211,MAG,high,FALSE,medium,Full Sun,,low,FALSE,medium,Cool Climate,,high,FALSE,high,Requires Wet Soil,high_model_reliability,high,TRUE,very_low,Alkaline Soil,borderline; low_model_reliability,high,FALSE,high,Requires Fertile Soil,high_model_reliability,"L=high,M=med,R=med",0.023,FALSE,joint_prob_below_threshold
Blysmus compressus,6.762434592955085,3.7623420958606184,6.241193215143271,7.0504833874071915,6.634785536421459,MAG,high,TRUE,low,Full Sun,borderline,med,TRUE,low,Temperate,borderline,med,TRUE,medium,Average Moisture,borderline; high_model_reliability,high,FALSE,low,Alkaline Soil,low_model_reliability,high,TRUE,medium,Requires Fertile Soil,borderline; high_model_reliability,"L=high,M=med,R=med",0.12566666666666668,FALSE,joint_prob_below_threshold
Blysmus rufus,7.496292556327855,3.89849141167421,5.016383034688291,6.608301314893386,4.013249649595541,MAG,high,FALSE,medium,Full Sun,,med,TRUE,low,Temperate,borderline,med,FALSE,high,Average Moisture,high_model_reliability,high,TRUE,very_low,Alkaline Soil,borderline; low_model_reliability,med,FALSE,high,Average/Rich Soil,high_model_reliability,"L=high,M=med,R=med",0.2806666666666667,FALSE,joint_prob_below_threshold
Bothriochloa ischaemum,6.779448618277261,4.007514262800245,6.604687269584237,7.105059772905074,6.891649612251409,MAG,high,TRUE,low,Full Sun,borderline,med,FALSE,medium,Temperate,,high,TRUE,medium,Requires Wet Soil,borderline; high_model_reliability,high,FALSE,low,Alkaline Soil,low_model_reliability,high,TRUE,medium,Requires Fertile Soil,borderline; high_model_reliability,"L=high,M=med,R=med",0.10033333333333333,FALSE,joint_prob_below_threshold
Brachypodium distachyon,6.975634730061975,4.069421696728846,4.5861104372109365,6.709020432928659,4.662668937177577,MAG,high,TRUE,low,Full Sun,borderline,med,FALSE,medium,Temperate,,med,FALSE,high,Average Moisture,high_model_reliability,high,TRUE,very_low,Alkaline Soil,borderline; low_model_reliability,med,FALSE,high,Average/Rich Soil,high_model_reliability,"L=high,M=med,R=med",0.21966666666666668,FALSE,joint_prob_below_threshold
Brachypodium phoenicoides,6.13825986317139,4.299984367421778,5.865610065033094,7.191580127970731,6.72666327829153,MAG,med,TRUE,low,Partial Sun,borderline,med,FALSE,medium,Temperate,,med,FALSE,high,Average Moisture,high_model_reliability,high,FALSE,low,Alkaline Soil,low_model_reliability,high,TRUE,medium,Requires Fertile Soil,borderline; high_model_reliability,"L=high,M=med,R=med",0.09433333333333334,FALSE,joint_prob_below_threshold
Brachypodium pinnatum,5.697748294438016,4.368586611272585,6.410358678216841,7.412182138442395,8.164260343968522,MAG,med,FALSE,medium,Partial Sun,,med,FALSE,medium,Temperate,,med,TRUE,medium,Average Moisture,borderline; high_model_reliability,high,FALSE,low,Alkaline Soil,low_model_reliability,high,FALSE,high,Requires Fertile Soil,high_model_reliability,"L=high,M=med,R=med",0.04766666666666667,FALSE,joint_prob_below_threshold
Brachypodium retusum,6.887171636543211,4.427210172811511,4.407083494320837,6.393091375684386,4.119055209842362,MAG,high,TRUE,low,Full Sun,borderline,med,FALSE,medium,Temperate,,med,FALSE,high,Average Moisture,high_model_reliability,med,TRUE,very_low,Neutral Soil,borderline; low_model_reliability,med,FALSE,high,Average/Rich Soil,high_model_reliability,"L=high,M=med,R=med",0.22566666666666665,FALSE,joint_prob_below_threshold
Brachypodium sylvaticum,5.527226298094325,4.271851792383817,7.005037117913211,7.544922339409671,9.10111689412306,MAG,med,FALSE,medium,Partial Sun,,med,FALSE,medium,Temperate,,high,FALSE,high,Requires Wet Soil,high_model_reliability,high,FALSE,low,Alkaline Soil,low_model_reliability,high,FALSE,high,Requires Fertile Soil,high_model_reliability,"L=high,M=med,R=med",0.024666666666666667,FALSE,joint_prob_below_threshold
Brassica oleracea,5.097579176076366,4.579874990794384,8.595841070987973,8.486229763363195,13.143253148900174,MAG,med,FALSE,medium,Partial Sun,,med,FALSE,medium,Temperate,,high,FALSE,high,Requires Wet Soil,high_model_reliability,high,FALSE,low,Alkaline Soil,low_model_reliability,high,FALSE,high,Requires Fertile Soil,high_model_reliability,"L=high,M=med,R=med",6.666666666666666e-4,FALSE,joint_prob_below_threshold
Briza media,6.697192189119944,3.803790813232876,6.47326553381395,6.9807541036471346,6.880810752582893,MAG,high,TRUE,low,Full Sun,borderline,med,TRUE,low,Temperate,borderline,med,TRUE,medium,Average Moisture,borderline; high_model_reliability,high,TRUE,very_low,Alkaline Soil,borderline; low_model_reliability,high,TRUE,medium,Requires Fertile Soil,borderline; high_model_reliability,"L=high,M=med,R=med",0.116,FALSE,joint_prob_below_threshold
Bromus arvensis,5.837462995210948,4.279418298473585,6.877033537524593,7.547703830154186,8.635334398150544,MAG,med,FALSE,medium,Partial Sun,,med,FALSE,medium,Temperate,,high,TRUE,medium,Requires Wet Soil,borderline; high_model_reliability,high,FALSE,low,Alkaline Soil,low_model_reliability,high,FALSE,high,Requires Fertile Soil,high_model_reliability,"L=high,M=med,R=med",0.036,FALSE,joint_prob_below_threshold
Bromus catharticus,5.168432700337532,4.697348437466651,6.590036785447582,7.764226155849995,9.645479079021564,MAG,med,FALSE,medium,Partial Sun,,med,FALSE,medium,Temperate,,high,TRUE,medium,Requires Wet Soil,borderline; high_model_reliability,high,FALSE,low,Alkaline Soil,low_model_reliability,high,FALSE,high,Requires Fertile Soil,high_model_reliability,"L=high,M=med,R=med",0.016,FALSE,joint_prob_below_threshold
Bromus erectus,5.946897831407435,4.567397514286078,5.7861359455031804,7.1065740759848985,6.959327125072524,MAG,med,FALSE,medium,Partial Sun,,med,FALSE,medium,Temperate,,med,FALSE,high,Average Moisture,high_model_reliability,high,FALSE,low,Alkaline Soil,low_model_reliability,high,TRUE,medium,Requires Fertile Soil,borderline; high_model_reliability,"L=high,M=med,R=med",0.09266666666666666,FALSE,joint_prob_below_threshold
Bromus hordeaceus,6.508777477129305,4.086442605269573,5.772684805737655,7.173909764603745,6.765031321028851,MAG,high,TRUE,low,Full Sun,borderline,med,FALSE,medium,Temperate,,med,FALSE,high,Average Moisture,high_model_reliability,high,FALSE,low,Alkaline Soil,low_model_reliability,high,TRUE,medium,Requires Fertile Soil,borderline; high_model_reliability,"L=high,M=med,R=med",0.119,FALSE,joint_prob_below_threshold
Bromus inermis,5.6184618037426555,4.5887537946248935,6.7383620954082035,7.431235870347165,8.505447631090739,MAG,med,FALSE,medium,Partial Sun,,med,FALSE,medium,Temperate,,high,TRUE,medium,Requires Wet Soil,borderline; high_model_reliability,high,FALSE,low,Alkaline Soil,low_model_reliability,high,FALSE,high,Requires Fertile Soil,high_model_reliability,"L=high,M=med,R=med",0.036,FALSE,joint_prob_below_threshold
Bromus lanceolatus,6.537929325612376,4.377557709967019,5.786779641519868,7.08114330613833,6.64586958729048,MAG,high,TRUE,low,Full Sun,borderline,med,FALSE,medium,Temperate,,med,FALSE,high,Average Moisture,high_model_reliability,high,FALSE,low,Alkaline Soil,low_model_reliability,high,TRUE,medium,Requires Fertile Soil,borderline; high_model_reliability,"L=high,M=med,R=med",0.12833333333333333,FALSE,joint_prob_below_threshold
Bromus madritensis,6.712279742220328,4.078084048242164,5.548160886401092,7.098805106314922,6.171919272041232,MAG,high,TRUE,low,Full Sun,borderline,med,FALSE,medium,Temperate,,med,FALSE,high,Average Moisture,high_model_reliability,high,FALSE,low,Alkaline Soil,low_model_reliability,med,TRUE,medium,Average/Rich Soil,borderline; high_model_reliability,"L=high,M=med,R=med",0.14733333333333334,FALSE,joint_prob_below_threshold
Bromus ramosus,4.893194844463851,4.85453375069585,7.694203687864333,8.086631452098544,10.967553354867796,MAG,med,FALSE,medium,Partial Sun,,med,FALSE,medium,Temperate,,high,FALSE,high,Requires Wet Soil,high_model_reliability,high,FALSE,low,Alkaline Soil,low_model_reliability,high,FALSE,high,Requires Fertile Soil,high_model_reliability,"L=high,M=med,R=med",0.0036666666666666666,FALSE,joint_prob_below_threshold
Bromus rigidus,5.721743021938916,4.7780727316281615,6.403603698483391,7.659897816266296,8.179254019309708,MAG,med,FALSE,medium,Partial Sun,,med,FALSE,medium,Temperate,,med,TRUE,medium,Average Moisture,borderline; high_model_reliability,high,FALSE,low,Alkaline Soil,low_model_reliability,high,FALSE,high,Requires Fertile Soil,high_model_reliability,"L=high,M=med,R=med",0.03666666666666667,FALSE,joint_prob_below_threshold
Bromus sterilis,5.5786087994173394,4.623054738274989,5.579481258314006,7.251806526296759,7.571008971677939,MAG,med,FALSE,medium,Partial Sun,,med,FALSE,medium,Temperate,,med,FALSE,high,Average Moisture,high_model_reliability,high,FALSE,low,Alkaline Soil,low_model_reliability,high,FALSE,high,Requires Fertile Soil,high_model_reliability,"L=high,M=med,R=med",0.06066666666666667,FALSE,joint_prob_below_threshold
Bromus tectorum,6.132093299725884,4.325045235054793,5.609985347318485,7.114421320329822,6.848421228941783,MAG,med,TRUE,low,Partial Sun,borderline,med,FALSE,medium,Temperate,,med,FALSE,high,Average Moisture,high_model_reliability,high,FALSE,low,Alkaline Soil,low_model_reliability,high,TRUE,medium,Requires Fertile Soil,borderline; high_model_reliability,"L=high,M=med,R=med",0.103,FALSE,joint_prob_below_threshold
Bromus variegatus,6.879412110975902,3.754109687213951,4.3794466370983205,6.836781950178991,4.60284692305102,MAG,high,TRUE,low,Full Sun,borderline,med,TRUE,low,Temperate,borderline,med,FALSE,high,Average Moisture,high_model_reliability,high,TRUE,very_low,Alkaline Soil,borderline; low_model_reliability,med,FALSE,high,Average/Rich Soil,high_model_reliability,"L=high,M=med,R=med",0.182,FALSE,joint_prob_below_threshold
Broussonetia papyrifera,4.133852520942112,5.0673511311178805,9.598943776943834,8.260030937614895,13.62816919754469,MAG,med,FALSE,medium,Partial Sun,,med,FALSE,medium,Temperate,,high,FALSE,high,Requires Wet Soil,high_model_reliability,high,FALSE,low,Alkaline Soil,low_model_reliability,high,FALSE,high,Requires Fertile Soil,high_model_reliability,"L=high,M=med,R=med",0,FALSE,joint_prob_below_threshold
Buglossoides arvensis,6.114279929476116,4.389213755830191,6.117877119651835,7.566053819561253,8.385986667233052,MAG,med,TRUE,low,Partial Sun,borderline,med,FALSE,medium,Temperate,,med,TRUE,medium,Average Moisture,borderline; high_model_reliability,high,FALSE,low,Alkaline Soil,low_model_reliability,high,FALSE,high,Requires Fertile Soil,high_model_reliability,"L=high,M=med,R=med",0.06266666666666666,FALSE,joint_prob_below_threshold
Bunias orientalis,4.3576159884648495,4.918107740309895,7.472914156715266,8.537943617923426,12.608875007350298,MAG,med,FALSE,medium,Partial Sun,,med,FALSE,medium,Temperate,,high,FALSE,high,Requires Wet Soil,high_model_reliability,high,FALSE,low,Alkaline Soil,low_model_reliability,high,FALSE,high,Requires Fertile Soil,high_model_reliability,"L=high,M=med,R=med",6.666666666666666e-4,FALSE,joint_prob_below_threshold
Buphthalmum salicifolium,6.340167730400991,3.8847993469440336,7.694756501392444,7.562082824638774,8.849056240184936,MAG,med,TRUE,low,Partial Sun,borderline,med,TRUE,low,Temperate,borderline,high,FALSE,high,Requires Wet Soil,high_model_reliability,high,FALSE,low,Alkaline Soil,low_model_reliability,high,FALSE,high,Requires Fertile Soil,high_model_reliability,"L=high,M=med,R=med",0.020333333333333332,FALSE,joint_prob_below_threshold
Bupleurum baldense,7.803871475838187,3.299101189741203,4.54502465475922,6.419504103983258,3.5299173002431807,MAG,high,FALSE,medium,Full Sun,,low,TRUE,low,Cool Climate,borderline,med,FALSE,high,Average Moisture,high_model_reliability,med,TRUE,very_low,Neutral Soil,borderline; low_model_reliability,med,TRUE,medium,Average/Rich Soil,borderline; high_model_reliability,"L=high,M=med,R=med",0.305,FALSE,joint_prob_below_threshold
Bupleurum falcatum,5.984915859177263,4.489297843016403,6.734411478220943,7.484263834214344,8.007561591126642,MAG,med,FALSE,medium,Partial Sun,,med,FALSE,medium,Temperate,,high,TRUE,medium,Requires Wet Soil,borderline; high_model_reliability,high,FALSE,low,Alkaline Soil,low_model_reliability,high,FALSE,high,Requires Fertile Soil,high_model_reliability,"L=high,M=med,R=med",0.043,FALSE,joint_prob_below_threshold
Bupleurum ranunculoides,6.641085063160859,4.049982247100783,5.821426726870702,7.081582905940806,6.083753224219617,MAG,high,TRUE,low,Full Sun,borderline,med,FALSE,medium,Temperate,,med,FALSE,high,Average Moisture,high_model_reliability,high,FALSE,low,Alkaline Soil,low_model_reliability,med,TRUE,medium,Average/Rich Soil,borderline; high_model_reliability,"L=high,M=med,R=med",0.133,FALSE,joint_prob_below_threshold
Buxus sempervirens,5.681596779886647,5.327574856929944,4.394877498806002,6.3927344968014035,5.666705483315977,MAG,med,FALSE,medium,Partial Sun,,med,FALSE,medium,Temperate,,med,FALSE,high,Average Moisture,high_model_reliability,med,TRUE,very_low,Neutral Soil,borderline; low_model_reliability,med,FALSE,high,Average/Rich Soil,high_model_reliability,"L=high,M=med,R=med",0.09366666666666666,FALSE,joint_prob_below_threshold
Calamagrostis arundinacea,5.726967296318898,4.004767857597907,6.485097506199805,6.9774526027516615,7.90813708393985,MAG,med,FALSE,medium,Partial Sun,,med,FALSE,medium,Temperate,,med,TRUE,medium,Average Moisture,borderline; high_model_reliability,high,TRUE,very_low,Alkaline Soil,borderline; low_model_reliability,high,FALSE,high,Requires Fertile Soil,high_model_reliability,"L=high,M=med,R=med",0.068,FALSE,joint_prob_below_threshold
Calamagrostis canescens,6.377369446884439,3.876469155665354,8.096733943838128,7.059029376942679,8.909351779789706,MAG,med,TRUE,low,Partial Sun,borderline,med,TRUE,low,Temperate,borderline,high,FALSE,high,Requires Wet Soil,high_model_reliability,high,FALSE,low,Alkaline Soil,low_model_reliability,high,FALSE,high,Requires Fertile Soil,high_model_reliability,"L=high,M=med,R=med",0.015666666666666666,FALSE,joint_prob_below_threshold
Calamagrostis epigejos,6.503559921572359,3.4964328321192037,7.797482406843542,7.10009420222644,8.401043146417607,MAG,high,TRUE,low,Full Sun,borderline,low,TRUE,low,Cool Climate,borderline,high,FALSE,high,Requires Wet Soil,high_model_reliability,high,FALSE,low,Alkaline Soil,low_model_reliability,high,FALSE,high,Requires Fertile Soil,high_model_reliability,"L=high,M=med,R=med",0.024,FALSE,joint_prob_below_threshold
Calamagrostis varia,6.28951128880566,3.642906738014581,7.794999820215404,7.284605540849958,8.837885884201494,MAG,med,TRUE,low,Partial Sun,borderline,med,TRUE,low,Temperate,borderline,high,FALSE,high,Requires Wet Soil,high_model_reliability,high,FALSE,low,Alkaline Soil,low_model_reliability,high,FALSE,high,Requires Fertile Soil,high_model_reliability,"L=high,M=med,R=med",0.019333333333333334,FALSE,joint_prob_below_threshold
Calamagrostis villosa,6.282036680409018,3.6352943235412623,7.992396042261721,7.303604748001302,9.224613320484416,MAG,med,TRUE,low,Partial Sun,borderline,med,TRUE,low,Temperate,borderline,high,FALSE,high,Requires Wet Soil,high_model_reliability,high,FALSE,low,Alkaline Soil,low_model_reliability,high,FALSE,high,Requires Fertile Soil,high_model_reliability,"L=high,M=med,R=med",0.014666666666666666,FALSE,joint_prob_below_threshold
Calla palustris,5.635869802938144,3.962481729066241,8.794942100522535,8.650295930861457,11.657646097000978,MAG,med,FALSE,medium,Partial Sun,,med,TRUE,low,Temperate,borderline,high,FALSE,high,Requires Wet Soil,high_model_reliability,high,FALSE,low,Alkaline Soil,low_model_reliability,high,FALSE,high,Requires Fertile Soil,high_model_reliability,"L=high,M=med,R=med",6.666666666666666e-4,FALSE,joint_prob_below_threshold
Calluna vulgaris,8.60470472865043,3.387193076457779,4.932250468411871,5.381786841016598,2.5662846977631295,MAG,high,FALSE,medium,Full Sun,,low,TRUE,low,Cool Climate,borderline,med,FALSE,high,Average Moisture,high_model_reliability,med,FALSE,low,Neutral Soil,low_model_reliability,low,FALSE,high,Poor Soil,high_model_reliability,"L=high,M=med,R=med",0.44766666666666666,FALSE,joint_prob_below_threshold
Caltha palustris,5.528925505214856,3.8117121036294734,7.933552406010325,8.152805361039034,10.903428170108024,MAG,med,FALSE,medium,Partial Sun,,med,TRUE,low,Temperate,borderline,high,FALSE,high,Requires Wet Soil,high_model_reliability,high,FALSE,low,Alkaline Soil,low_model_reliability,high,FALSE,high,Requires Fertile Soil,high_model_reliability,"L=high,M=med,R=med",0.004333333333333333,FALSE,joint_prob_below_threshold
Calystegia sepium,4.521452780783659,5.3951150001127814,8.27588327330556,8.591248461030286,12.518646630645298,MAG,med,FALSE,medium,Partial Sun,,med,FALSE,medium,Temperate,,high,FALSE,high,Requires Wet Soil,high_model_reliability,high,FALSE,low,Alkaline Soil,low_model_reliability,high,FALSE,high,Requires Fertile Soil,high_model_reliability,"L=high,M=med,R=med",6.666666666666666e-4,FALSE,joint_prob_below_threshold
Calystegia silvatica,4.45925045835731,5.539735331243181,7.683056588108741,8.300473318587764,11.443192817598067,MAG,med,FALSE,medium,Partial Sun,,med,FALSE,medium,Temperate,,high,FALSE,high,Requires Wet Soil,high_model_reliability,high,FALSE,low,Alkaline Soil,low_model_reliability,high,FALSE,high,Requires Fertile Soil,high_model_reliability,"L=high,M=med,R=med",0.0016666666666666668,FALSE,joint_prob_below_threshold
Calystegia soldanella,5.5688665419897525,5.028634436736118,6.023427532544387,8.02511837146992,8.207160559198972,MAG,med,FALSE,medium,Partial Sun,,med,FALSE,medium,Temperate,,med,TRUE,medium,Average Moisture,borderline; high_model_reliability,high,FALSE,low,Alkaline Soil,low_model_reliability,high,FALSE,high,Requires Fertile Soil,high_model_reliability,"L=high,M=med,R=med",0.02666666666666667,FALSE,joint_prob_below_threshold
Camelina microcarpa,6.0504249035662765,3.7088208665309614,7.894013190238267,7.703078344193596,10.862103832931222,MAG,med,TRUE,low,Partial Sun,borderline,med,TRUE,low,Temperate,borderline,high,FALSE,high,Requires Wet Soil,high_model_reliability,high,FALSE,low,Alkaline Soil,low_model_reliability,high,FALSE,high,Requires Fertile Soil,high_model_reliability,"L=high,M=med,R=med",0.009666666666666667,FALSE,joint_prob_below_threshold
Campanula barbata,7.327374157962352,3.1324279741503807,7.240010761940737,6.979732183838503,6.989328463550503,MAG,high,FALSE,medium,Full Sun,,low,TRUE,low,Cool Climate,borderline,high,FALSE,high,Requires Wet Soil,high_model_reliability,high,TRUE,very_low,Alkaline Soil,borderline; low_model_reliability,high,TRUE,medium,Requires Fertile Soil,borderline; high_model_reliability,"L=high,M=med,R=med",0.07166666666666667,FALSE,joint_prob_below_threshold
Campanula glomerata,6.4194665644018265,3.4428646816556223,7.734499751063693,7.454951029786889,9.049508595961711,MAG,med,TRUE,low,Partial Sun,borderline,low,TRUE,low,Cool Climate,borderline,high,FALSE,high,Requires Wet Soil,high_model_reliability,high,FALSE,low,Alkaline Soil,low_model_reliability,high,FALSE,high,Requires Fertile Soil,high_model_reliability,"L=high,M=med,R=med",0.021,FALSE,joint_prob_below_threshold
Campanula persicifolia,6.682161285858664,3.503098289290281,7.487723731026806,6.954957116124494,7.9766103889776625,MAG,high,TRUE,low,Full Sun,borderline,med,TRUE,low,Temperate,borderline,high,FALSE,high,Requires Wet Soil,high_model_reliability,high,TRUE,very_low,Alkaline Soil,borderline; low_model_reliability,high,FALSE,high,Requires Fertile Soil,high_model_reliability,"L=high,M=med,R=med",0.04666666666666667,FALSE,joint_prob_below_threshold
Campanula rapunculus,6.590238164912235,3.3384576184876695,8.943430809638485,7.479138164978936,10.51431208331916,MAG,high,TRUE,low,Full Sun,borderline,low,TRUE,low,Cool Climate,borderline,high,FALSE,high,Requires Wet Soil,high_model_reliability,high,FALSE,low,Alkaline Soil,low_model_reliability,high,FALSE,high,Requires Fertile Soil,high_model_reliability,"L=high,M=med,R=med",0.004,FALSE,joint_prob_below_threshold
Campanula rotundifolia,7.5284323019207156,3.1363984207422506,5.5812564839336645,6.229175408032091,4.861230661960282,MAG,high,FALSE,medium,Full Sun,,low,TRUE,low,Cool Climate,borderline,med,FALSE,high,Average Moisture,high_model_reliability,med,TRUE,very_low,Neutral Soil,borderline; low_model_reliability,med,FALSE,high,Average/Rich Soil,high_model_reliability,"L=high,M=med,R=med",0.31766666666666665,FALSE,joint_prob_below_threshold
Campanula scheuchzeri,7.373678097154328,3.302946088039088,6.319414000992645,6.799291682914259,6.521545476810442,MAG,high,FALSE,medium,Full Sun,,low,TRUE,low,Cool Climate,borderline,med,TRUE,medium,Average Moisture,borderline; high_model_reliability,high,TRUE,very_low,Alkaline Soil,borderline; low_model_reliability,high,TRUE,medium,Requires Fertile Soil,borderline; high_model_reliability,"L=high,M=med,R=med",0.17266666666666666,FALSE,joint_prob_below_threshold
Campanula sibirica,7.424047821286512,3.3157849825560692,7.350991826730821,6.954166601609902,6.7344458189959715,MAG,high,FALSE,medium,Full Sun,,low,TRUE,low,Cool Climate,borderline,high,FALSE,high,Requires Wet Soil,high_model_reliability,high,TRUE,very_low,Alkaline Soil,borderline; low_model_reliability,high,TRUE,medium,Requires Fertile Soil,borderline; high_model_reliability,"L=high,M=med,R=med",0.06666666666666667,FALSE,joint_prob_below_threshold
Campanula spicata,6.4741858170398325,3.3452171815689407,8.854281361034703,7.699022761046615,10.011927529973892,MAG,med,TRUE,low,Partial Sun,borderline,low,TRUE,low,Cool Climate,borderline,high,FALSE,high,Requires Wet Soil,high_model_reliability,high,FALSE,low,Alkaline Soil,low_model_reliability,high,FALSE,high,Requires Fertile Soil,high_model_reliability,"L=high,M=med,R=med",0.004333333333333333,FALSE,joint_prob_below_threshold
Campanula trachelium,5.762437889916809,3.767570060787615,8.96836516147507,7.959650895138495,11.467156051015015,MAG,med,FALSE,medium,Partial Sun,,med,TRUE,low,Temperate,borderline,high,FALSE,high,Requires Wet Soil,high_model_reliability,high,FALSE,low,Alkaline Soil,low_model_reliability,high,FALSE,high,Requires Fertile Soil,high_model_reliability,"L=high,M=med,R=med",0.0013333333333333333,FALSE,joint_prob_below_threshold
Cannabis sativa,4.532491431035221,5.096277419561706,7.765804715651482,8.263589039175358,11.63046346442012,MAG,med,FALSE,medium,Partial Sun,,med,FALSE,medium,Temperate,,high,FALSE,high,Requires Wet Soil,high_model_reliability,high,FALSE,low,Alkaline Soil,low_model_reliability,high,FALSE,high,Requires Fertile Soil,high_model_reliability,"L=high,M=med,R=med",0.0013333333333333333,FALSE,joint_prob_below_threshold
Capsella bursa-pastoris,6.545474031569832,3.1192474075197465,6.299747929923584,6.957006265574354,7.458410491433716,MAG,high,TRUE,low,Full Sun,borderline,low,TRUE,low,Cool Climate,borderline,med,TRUE,medium,Average Moisture,borderline; high_model_reliability,high,TRUE,very_low,Alkaline Soil,borderline; low_model_reliability,high,FALSE,high,Requires Fertile Soil,high_model_reliability,"L=high,M=med,R=med",0.11933333333333333,FALSE,joint_prob_below_threshold
Cardamine bellidifolia,7.252054059298829,2.984763326455592,6.133875348269356,7.090007641609302,7.500678328957556,MAG,high,FALSE,medium,Full Sun,,low,FALSE,medium,Cool Climate,,med,TRUE,medium,Average Moisture,borderline; high_model_reliability,high,FALSE,low,Alkaline Soil,low_model_reliability,high,FALSE,high,Requires Fertile Soil,high_model_reliability,"L=high,M=med,R=med",0.15133333333333332,FALSE,joint_prob_below_threshold
Cardamine bulbifera,5.353946188401801,4.29350995586557,7.671504354885938,8.096296020666438,10.983299759002598,MAG,med,FALSE,medium,Partial Sun,,med,FALSE,medium,Temperate,,high,FALSE,high,Requires Wet Soil,high_model_reliability,high,FALSE,low,Alkaline Soil,low_model_reliability,high,FALSE,high,Requires Fertile Soil,high_model_reliability,"L=high,M=med,R=med",0.006,FALSE,joint_prob_below_threshold
Cardamine enneaphyllos,4.904126955224773,4.255779741478831,7.773712060587249,8.54759797348735,11.67167676860942,MAG,med,FALSE,medium,Partial Sun,,med,FALSE,medium,Temperate,,high,FALSE,high,Requires Wet Soil,high_model_reliability,high,FALSE,low,Alkaline Soil,low_model_reliability,high,FALSE,high,Requires Fertile Soil,high_model_reliability,"L=high,M=med,R=med",0.0016666666666666668,FALSE,joint_prob_below_threshold
Cardamine heptaphylla,4.284298712551759,4.269168884493822,8.140251666856736,8.736391919073537,13.557813225290223,MAG,med,FALSE,medium,Partial Sun,,med,FALSE,medium,Temperate,,high,FALSE,high,Requires Wet Soil,high_model_reliability,high,FALSE,low,Alkaline Soil,low_model_reliability,high,FALSE,high,Requires Fertile Soil,high_model_reliability,"L=high,M=med,R=med",3.333333333333333e-4,FALSE,joint_prob_below_threshold
Cardamine hirsuta,7.309964973085639,3.1722869333882073,7.252906703072171,7.275564962038457,7.2176464227218045,MAG,high,FALSE,medium,Full Sun,,low,TRUE,low,Cool Climate,borderline,high,FALSE,high,Requires Wet Soil,high_model_reliability,high,FALSE,low,Alkaline Soil,low_model_reliability,high,FALSE,high,Requires Fertile Soil,high_model_reliability,"L=high,M=med,R=med",0.057666666666666665,FALSE,joint_prob_below_threshold
Carduus acanthoides,4.957952462046119,4.425396977036659,8.572388681736284,8.35881692751267,12.624657389550135,MAG,med,FALSE,medium,Partial Sun,,med,FALSE,medium,Temperate,,high,FALSE,high,Requires Wet Soil,high_model_reliability,high,FALSE,low,Alkaline Soil,low_model_reliability,high,FALSE,high,Requires Fertile Soil,high_model_reliability,"L=high,M=med,R=med",0.001,FALSE,joint_prob_below_threshold
Carduus defloratus,5.759783434258714,4.3676825029003234,7.610067924807396,7.92584164489347,9.13989658725736,MAG,med,FALSE,medium,Partial Sun,,med,FALSE,medium,Temperate,,high,FALSE,high,Requires Wet Soil,high_model_reliability,high,FALSE,low,Alkaline Soil,low_model_reliability,high,FALSE,high,Requires Fertile Soil,high_model_reliability,"L=high,M=med,R=med",0.012,FALSE,joint_prob_below_threshold
Carduus nutans,5.217044259599618,4.484870952492526,8.282796078055165,8.277231755725255,11.39496995738546,MAG,med,FALSE,medium,Partial Sun,,med,FALSE,medium,Temperate,,high,FALSE,high,Requires Wet Soil,high_model_reliability,high,FALSE,low,Alkaline Soil,low_model_reliability,high,FALSE,high,Requires Fertile Soil,high_model_reliability,"L=high,M=med,R=med",0.002,FALSE,joint_prob_below_threshold
Carex acuta,5.716408639464905,4.497157073430391,9.023249249296374,8.219589983446458,11.230091794950017,MAG,med,FALSE,medium,Partial Sun,,med,FALSE,medium,Temperate,,high,FALSE,high,Requires Wet Soil,high_model_reliability,high,FALSE,low,Alkaline Soil,low_model_reliability,high,FALSE,high,Requires Fertile Soil,high_model_reliability,"L=high,M=med,R=med",6.666666666666666e-4,FALSE,joint_prob_below_threshold
Carex acutiformis,5.648782324817873,4.143251945982155,7.499227879929873,7.588676250173491,8.951002234238635,MAG,med,FALSE,medium,Partial Sun,,med,FALSE,medium,Temperate,,high,FALSE,high,Requires Wet Soil,high_model_reliability,high,FALSE,low,Alkaline Soil,low_model_reliability,high,FALSE,high,Requires Fertile Soil,high_model_reliability,"L=high,M=med,R=med",0.016,FALSE,joint_prob_below_threshold
Carex alba,6.880477942258142,3.8337062451840223,4.748920130253002,6.7524044131408525,4.947195215271987,MAG,high,TRUE,low,Full Sun,borderline,med,TRUE,low,Temperate,borderline,med,FALSE,high,Average Moisture,high_model_reliability,high,TRUE,very_low,Alkaline Soil,borderline; low_model_reliability,med,FALSE,high,Average/Rich Soil,high_model_reliability,"L=high,M=med,R=med",0.20866666666666667,FALSE,joint_prob_below_threshold
Carex aquatilis,6.009340137442886,4.077860629339806,6.891564846250792,7.0755242538665035,7.947131435901917,MAG,med,TRUE,low,Partial Sun,borderline,med,FALSE,medium,Temperate,,high,TRUE,medium,Requires Wet Soil,borderline; high_model_reliability,high,FALSE,low,Alkaline Soil,low_model_reliability,high,FALSE,high,Requires Fertile Soil,high_model_reliability,"L=high,M=med,R=med",0.06133333333333333,FALSE,joint_prob_below_threshold
Carex arenaria,6.697284896068197,3.858295825482694,6.190941258065722,7.14337898525749,6.522262165535193,MAG,high,TRUE,low,Full Sun,borderline,med,TRUE,low,Temperate,borderline,med,TRUE,medium,Average Moisture,borderline; high_model_reliability,high,FALSE,low,Alkaline Soil,low_model_reliability,high,TRUE,medium,Requires Fertile Soil,borderline; high_model_reliability,"L=high,M=med,R=med",0.11533333333333333,FALSE,joint_prob_below_threshold
Carex atrata,6.499355568375158,3.6625645355335377,6.214749160344476,7.1279552959449655,7.097685382878694,MAG,med,TRUE,low,Partial Sun,borderline,med,TRUE,low,Temperate,borderline,med,TRUE,medium,Average Moisture,borderline; high_model_reliability,high,FALSE,low,Alkaline Soil,low_model_reliability,high,FALSE,high,Requires Fertile Soil,high_model_reliability,"L=high,M=med,R=med",0.105,FALSE,joint_prob_below_threshold
Carex atrofusca,7.174340484549302,3.516075691322723,5.335936599062731,6.755428792657744,5.213515811065788,MAG,high,FALSE,medium,Full Sun,,med,TRUE,low,Temperate,borderline,med,FALSE,high,Average Moisture,high_model_reliability,high,TRUE,very_low,Alkaline Soil,borderline; low_model_reliability,med,FALSE,high,Average/Rich Soil,high_model_reliability,"L=high,M=med,R=med",0.232,FALSE,joint_prob_below_threshold
Carex bigelowii,6.835871392672763,3.482902451521733,5.255846649460828,6.791656956716688,5.363413910380599,MAG,high,TRUE,low,Full Sun,borderline,low,TRUE,low,Cool Climate,borderline,med,FALSE,high,Average Moisture,high_model_reliability,high,TRUE,very_low,Alkaline Soil,borderline; low_model_reliability,med,FALSE,high,Average/Rich Soil,high_model_reliability,"L=high,M=med,R=med",0.20366666666666666,FALSE,joint_prob_below_threshold
Carex binervis,6.356547252310568,4.302524084421178,6.23542277171152,7.089126778988153,6.934153590115618,MAG,med,TRUE,low,Partial Sun,borderline,med,FALSE,medium,Temperate,,med,TRUE,medium,Average Moisture,borderline; high_model_reliability,high,FALSE,low,Alkaline Soil,low_model_reliability,high,TRUE,medium,Requires Fertile Soil,borderline; high_model_reliability,"L=high,M=med,R=med",0.098,FALSE,joint_prob_below_threshold
Carex brizoides,6.010829718954657,3.752323349650319,7.133428566479805,7.295062208048343,8.685489328119607,MAG,med,TRUE,low,Partial Sun,borderline,med,TRUE,low,Temperate,borderline,high,FALSE,high,Requires Wet Soil,high_model_reliability,high,FALSE,low,Alkaline Soil,low_model_reliability,high,FALSE,high,Requires Fertile Soil,high_model_reliability,"L=high,M=med,R=med",0.03966666666666667,FALSE,joint_prob_below_threshold
Carex canescens,6.570635124978465,3.7462369790890033,6.776734020992864,7.117400808145948,7.561472062663308,MAG,high,TRUE,low,Full Sun,borderline,med,TRUE,low,Temperate,borderline,high,TRUE,medium,Requires Wet Soil,borderline; high_model_reliability,high,FALSE,low,Alkaline Soil,low_model_reliability,high,FALSE,high,Requires Fertile Soil,high_model_reliability,"L=high,M=med,R=med",0.07966666666666666,FALSE,joint_prob_below_threshold
Carex caryophyllea,6.940490613776839,3.7866545148772,6.348724304631337,7.342584543370506,6.748640072143074,MAG,high,TRUE,low,Full Sun,borderline,med,TRUE,low,Temperate,borderline,med,TRUE,medium,Average Moisture,borderline; high_model_reliability,high,FALSE,low,Alkaline Soil,low_model_reliability,high,TRUE,medium,Requires Fertile Soil,borderline; high_model_reliability,"L=high,M=med,R=med",0.106,FALSE,joint_prob_below_threshold
Carex curvula,7.254292758058551,3.865275942452882,3.4031936159912095,6.167248604341051,2.6377117737257305,MAG,high,FALSE,medium,Full Sun,,med,TRUE,low,Temperate,borderline,low,TRUE,medium,Drought-Tolerant,borderline; high_model_reliability,med,TRUE,very_low,Neutral Soil,borderline; low_model_reliability,low,FALSE,high,Poor Soil,high_model_reliability,"L=high,M=med,R=med",0.16066666666666668,FALSE,joint_prob_below_threshold
Carex digitata,6.396839116845317,3.8799287171567585,5.744893868840272,7.1329412064855795,6.6670359159340515,MAG,med,TRUE,low,Partial Sun,borderline,med,TRUE,low,Temperate,borderline,med,FALSE,high,Average Moisture,high_model_reliability,high,FALSE,low,Alkaline Soil,low_model_reliability,high,TRUE,medium,Requires Fertile Soil,borderline; high_model_reliability,"L=high,M=med,R=med",0.11533333333333333,FALSE,joint_prob_below_threshold
Carex elata,5.791823813924466,4.18403859208132,7.399933079552255,7.429410766321762,8.79792122962035,MAG,med,FALSE,medium,Partial Sun,,med,FALSE,medium,Temperate,,high,FALSE,high,Requires Wet Soil,high_model_reliability,high,FALSE,low,Alkaline Soil,low_model_reliability,high,FALSE,high,Requires Fertile Soil,high_model_reliability,"L=high,M=med,R=med",0.021666666666666667,FALSE,joint_prob_below_threshold
Carex flacca,6.603636686302182,3.9506700596720288,6.977724581754404,7.4467047238322515,7.470459082682177,MAG,high,TRUE,low,Full Sun,borderline,med,TRUE,low,Temperate,borderline,high,TRUE,medium,Requires Wet Soil,borderline; high_model_reliability,high,FALSE,low,Alkaline Soil,low_model_reliability,high,FALSE,high,Requires Fertile Soil,high_model_reliability,"L=high,M=med,R=med",0.05333333333333334,FALSE,joint_prob_below_threshold
Carex flava,6.796045435283565,3.915757964721382,6.2408075304788575,7.198454405199243,6.386068881328756,MAG,high,TRUE,low,Full Sun,borderline,med,TRUE,low,Temperate,borderline,med,TRUE,medium,Average Moisture,borderline; high_model_reliability,high,FALSE,low,Alkaline Soil,low_model_reliability,med,TRUE,medium,Average/Rich Soil,borderline; high_model_reliability,"L=high,M=med,R=med",0.11733333333333333,FALSE,joint_prob_below_threshold
Carex halleriana,6.719827293049454,3.9097160604855903,4.786095458842475,6.762839763045108,4.946082598351618,MAG,high,TRUE,low,Full Sun,borderline,med,TRUE,low,Temperate,borderline,med,FALSE,high,Average Moisture,high_model_reliability,high,TRUE,very_low,Alkaline Soil,borderline; low_model_reliability,med,FALSE,high,Average/Rich Soil,high_model_reliability,"L=high,M=med,R=med",0.19233333333333333,FALSE,joint_prob_below_threshold
Carex hirta,6.090049454322904,4.181620365721872,7.166471476029145,7.803765813231912,8.711956904616072,MAG,med,TRUE,low,Partial Sun,borderline,med,FALSE,medium,Temperate,,high,FALSE,high,Requires Wet Soil,high_model_reliability,high,FALSE,low,Alkaline Soil,low_model_reliability,high,FALSE,high,Requires Fertile Soil,high_model_reliability,"L=high,M=med,R=med",0.023666666666666666,FALSE,joint_prob_below_threshold
Carex humilis,7.163360361896537,3.5583475421389013,4.165192627722042,6.535399501456717,3.782184803338079,MAG,high,FALSE,medium,Full Sun,,med,TRUE,low,Temperate,borderline,med,FALSE,high,Average Moisture,high_model_reliability,high,TRUE,very_low,Alkaline Soil,borderline; low_model_reliability,med,TRUE,medium,Average/Rich Soil,borderline; high_model_reliability,"L=high,M=med,R=med",0.215,FALSE,joint_prob_below_threshold
Carex lasiocarpa,5.96343224873706,4.5422160734627015,6.047548587767108,7.221905028411397,7.076049094322861,MAG,med,FALSE,medium,Partial Sun,,med,FALSE,medium,Temperate,,med,TRUE,medium,Average Moisture,borderline; high_model_reliability,high,FALSE,low,Alkaline Soil,low_model_reliability,high,FALSE,high,Requires Fertile Soil,high_model_reliability,"L=high,M=med,R=med",0.082,FALSE,joint_prob_below_threshold
Carex montana,6.85612011352599,3.68292611966602,5.543075169446467,6.870222487733537,5.6487177783669145,MAG,high,TRUE,low,Full Sun,borderline,med,TRUE,low,Temperate,borderline,med,FALSE,high,Average Moisture,high_model_reliability,high,TRUE,very_low,Alkaline Soil,borderline; low_model_reliability,med,FALSE,high,Average/Rich Soil,high_model_reliability,"L=high,M=med,R=med",0.191,FALSE,joint_prob_below_threshold
Carex nigra,6.603216757448273,3.6330399249422793,5.482584663612762,6.936813244469639,6.019653406510822,MAG,high,TRUE,low,Full Sun,borderline,med,TRUE,low,Temperate,borderline,med,FALSE,high,Average Moisture,high_model_reliability,high,TRUE,very_low,Alkaline Soil,borderline; low_model_reliability,med,TRUE,medium,Average/Rich Soil,borderline; high_model_reliability,"L=high,M=med,R=med",0.15933333333333333,FALSE,joint_prob_below_threshold
Carex pallescens,5.881377834110712,4.087755085520445,6.7241060521053715,7.376556698059385,8.076043079038453,MAG,med,FALSE,medium,Partial Sun,,med,FALSE,medium,Temperate,,high,TRUE,medium,Requires Wet Soil,borderline; high_model_reliability,high,FALSE,low,Alkaline Soil,low_model_reliability,high,FALSE,high,Requires Fertile Soil,high_model_reliability,"L=high,M=med,R=med",0.04733333333333333,FALSE,joint_prob_below_threshold
Carex panicea,6.263413308105708,4.0849496513050765,5.779614437350968,7.149276803793931,6.677159895796142,MAG,med,TRUE,low,Partial Sun,borderline,med,FALSE,medium,Temperate,,med,FALSE,high,Average Moisture,high_model_reliability,high,FALSE,low,Alkaline Soil,low_model_reliability,high,TRUE,medium,Requires Fertile Soil,borderline; high_model_reliability,"L=high,M=med,R=med",0.10566666666666667,FALSE,joint_prob_below_threshold
Carex paniculata,5.634078835653048,4.122550408505768,7.549817704523992,7.64106243588915,9.405332942600054,MAG,med,FALSE,medium,Partial Sun,,med,FALSE,medium,Temperate,,high,FALSE,high,Requires Wet Soil,high_model_reliability,high,FALSE,low,Alkaline Soil,low_model_reliability,high,FALSE,high,Requires Fertile Soil,high_model_reliability,"L=high,M=med,R=med",0.015333333333333332,FALSE,joint_prob_below_threshold
Carex pilulifera,6.544034151486724,3.810261136195097,5.524262474594408,7.009464525920989,6.345416807349649,MAG,high,TRUE,low,Full Sun,borderline,med,TRUE,low,Temperate,borderline,med,FALSE,high,Average Moisture,high_model_reliability,high,FALSE,low,Alkaline Soil,low_model_reliability,med,TRUE,medium,Average/Rich Soil,borderline; high_model_reliability,"L=high,M=med,R=med",0.14466666666666667,FALSE,joint_prob_below_threshold
Carex remota,6.664319099418645,3.954387070659285,7.339611483951454,7.308344210406886,7.945261321391377,MAG,high,TRUE,low,Full Sun,borderline,med,TRUE,low,Temperate,borderline,high,FALSE,high,Requires Wet Soil,high_model_reliability,high,FALSE,low,Alkaline Soil,low_model_reliability,high,FALSE,high,Requires Fertile Soil,high_model_reliability,"L=high,M=med,R=med",0.04133333333333333,FALSE,joint_prob_below_threshold
Carex riparia,5.179629841037594,4.453317915596129,7.661318946831383,7.838418890530709,9.81376863583225,MAG,med,FALSE,medium,Partial Sun,,med,FALSE,medium,Temperate,,high,FALSE,high,Requires Wet Soil,high_model_reliability,high,FALSE,low,Alkaline Soil,low_model_reliability,high,FALSE,high,Requires Fertile Soil,high_model_reliability,"L=high,M=med,R=med",0.007666666666666666,FALSE,joint_prob_below_threshold
Carex rostrata,6.029495177054469,4.14595858224272,7.424218223335624,7.628151199503863,8.703156221662711,MAG,med,TRUE,low,Partial Sun,borderline,med,FALSE,medium,Temperate,,high,FALSE,high,Requires Wet Soil,high_model_reliability,high,FALSE,low,Alkaline Soil,low_model_reliability,high,FALSE,high,Requires Fertile Soil,high_model_reliability,"L=high,M=med,R=med",0.021,FALSE,joint_prob_below_threshold
Carex saxatilis,6.699846664480164,3.6410720810138257,5.562676505522155,6.931272104374967,6.057659068960512,MAG,high,TRUE,low,Full Sun,borderline,med,TRUE,low,Temperate,borderline,med,FALSE,high,Average Moisture,high_model_reliability,high,TRUE,very_low,Alkaline Soil,borderline; low_model_reliability,med,TRUE,medium,Average/Rich Soil,borderline; high_model_reliability,"L=high,M=med,R=med",0.166,FALSE,joint_prob_below_threshold
Carex sempervirens,6.757429431739008,3.813288696518837,5.451791321933805,6.85008013106662,5.5368563624139355,MAG,high,TRUE,low,Full Sun,borderline,med,TRUE,low,Temperate,borderline,med,FALSE,high,Average Moisture,high_model_reliability,high,TRUE,very_low,Alkaline Soil,borderline; low_model_reliability,med,FALSE,high,Average/Rich Soil,high_model_reliability,"L=high,M=med,R=med",0.18766666666666668,FALSE,joint_prob_below_threshold
Carex sylvatica,6.015416723293468,4.207283441070421,6.558241624954645,7.355774389963683,8.025072881736227,MAG,med,TRUE,low,Partial Sun,borderline,med,FALSE,medium,Temperate,,high,TRUE,medium,Requires Wet Soil,borderline; high_model_reliability,high,FALSE,low,Alkaline Soil,low_model_reliability,high,FALSE,high,Requires Fertile Soil,high_model_reliability,"L=high,M=med,R=med",0.057666666666666665,FALSE,joint_prob_below_threshold
Carex umbrosa,6.680294756433342,3.7858884034910254,6.209342476382926,6.968098251479418,6.521323940427328,MAG,high,TRUE,low,Full Sun,borderline,med,TRUE,low,Temperate,borderline,med,TRUE,medium,Average Moisture,borderline; high_model_reliability,high,TRUE,very_low,Alkaline Soil,borderline; low_model_reliability,high,TRUE,medium,Requires Fertile Soil,borderline; high_model_reliability,"L=high,M=med,R=med",0.12933333333333333,FALSE,joint_prob_below_threshold
Carex vaginata,6.18598204771523,4.335419816665161,6.085156849239194,7.110170987091131,7.095921444701675,MAG,med,TRUE,low,Partial Sun,borderline,med,FALSE,medium,Temperate,,med,TRUE,medium,Average Moisture,borderline; high_model_reliability,high,FALSE,low,Alkaline Soil,low_model_reliability,high,FALSE,high,Requires Fertile Soil,high_model_reliability,"L=high,M=med,R=med",0.09733333333333333,FALSE,joint_prob_below_threshold
Carex vesicaria,6.002353312477938,4.164319079986546,6.915391970156587,7.341067216558809,8.149106711798469,MAG,med,TRUE,low,Partial Sun,borderline,med,FALSE,medium,Temperate,,high,TRUE,medium,Requires Wet Soil,borderline; high_model_reliability,high,FALSE,low,Alkaline Soil,low_model_reliability,high,FALSE,high,Requires Fertile Soil,high_model_reliability,"L=high,M=med,R=med",0.04766666666666667,FALSE,joint_prob_below_threshold
Carex vulpinoidea,6.240499041064003,3.931276286267243,6.404307333926034,7.198476654913899,7.649733099751278,MAG,med,TRUE,low,Partial Sun,borderline,med,TRUE,low,Temperate,borderline,med,TRUE,medium,Average Moisture,borderline; high_model_reliability,high,FALSE,low,Alkaline Soil,low_model_reliability,high,FALSE,high,Requires Fertile Soil,high_model_reliability,"L=high,M=med,R=med",0.08233333333333333,FALSE,joint_prob_below_threshold
Carlina acaulis,6.035488928074103,4.029492028851637,6.558279551422624,7.827761238549108,7.6451205391368,MAG,med,TRUE,low,Partial Sun,borderline,med,FALSE,medium,Temperate,,high,TRUE,medium,Requires Wet Soil,borderline; high_model_reliability,high,FALSE,low,Alkaline Soil,low_model_reliability,high,FALSE,high,Requires Fertile Soil,high_model_reliability,"L=high,M=med,R=med",0.036333333333333336,FALSE,joint_prob_below_threshold
Carlina vulgaris,6.714753771361622,4.275143895208375,7.885771699727798,7.851547575367039,8.360712349379487,MAG,high,TRUE,low,Full Sun,borderline,med,FALSE,medium,Temperate,,high,FALSE,high,Requires Wet Soil,high_model_reliability,high,FALSE,low,Alkaline Soil,low_model_reliability,high,FALSE,high,Requires Fertile Soil,high_model_reliability,"L=high,M=med,R=med",0.012333333333333333,FALSE,joint_prob_below_threshold
Carpinus betulus,3.878934095153801,6.187914643068336,6.975711240409573,7.503104506436491,10.627315541631372,MAG,med,TRUE,low,Partial Sun,borderline,med,TRUE,low,Temperate,borderline,high,TRUE,medium,Requires Wet Soil,borderline; high_model_reliability,high,FALSE,low,Alkaline Soil,low_model_reliability,high,FALSE,high,Requires Fertile Soil,high_model_reliability,"L=high,M=med,R=med",0.0033333333333333335,FALSE,joint_prob_below_threshold
Carum carvi,5.713177370371919,4.280036481634749,7.135167864316774,7.738077064258862,9.357441007051724,MAG,med,FALSE,medium,Partial Sun,,med,FALSE,medium,Temperate,,high,FALSE,high,Requires Wet Soil,high_model_reliability,high,FALSE,low,Alkaline Soil,low_model_reliability,high,FALSE,high,Requires Fertile Soil,high_model_reliability,"L=high,M=med,R=med",0.021333333333333333,FALSE,joint_prob_below_threshold
Castanea sativa,2.578993563920551,7.533076654297757,6.418951268042664,8.205673747959095,11.719372600304482,MAG,low,FALSE,medium,Deep/Partial Shade,,high,FALSE,medium,Warm Climate,,med,TRUE,medium,Average Moisture,borderline; high_model_reliability,high,FALSE,low,Alkaline Soil,low_model_reliability,high,FALSE,high,Requires Fertile Soil,high_model_reliability,"L=high,M=med,R=med",3.333333333333333e-4,FALSE,joint_prob_below_threshold
Catalpa speciosa,3.6118071385721944,6.188827511254213,9.029609604230387,8.214552011730346,13.139519221270527,MAG,med,TRUE,low,Partial Sun,borderline,med,TRUE,low,Temperate,borderline,high,FALSE,high,Requires Wet Soil,high_model_reliability,high,FALSE,low,Alkaline Soil,low_model_reliability,high,FALSE,high,Requires Fertile Soil,high_model_reliability,"L=high,M=med,R=med",0,FALSE,joint_prob_below_threshold
Catananche caerulea,6.141587472617145,4.528185449054287,7.1637597856137685,7.701005859735547,8.442835975383867,MAG,med,TRUE,low,Partial Sun,borderline,med,FALSE,medium,Temperate,,high,FALSE,high,Requires Wet Soil,high_model_reliability,high,FALSE,low,Alkaline Soil,low_model_reliability,high,FALSE,high,Requires Fertile Soil,high_model_reliability,"L=high,M=med,R=med",0.027,FALSE,joint_prob_below_threshold
Catapodium rigidum,7.837060837783008,3.250875257422837,5.061971644350187,6.4121300814926405,4.062681719426807,MAG,high,FALSE,medium,Full Sun,,low,TRUE,low,Cool Climate,borderline,med,FALSE,high,Average Moisture,high_model_reliability,med,TRUE,very_low,Neutral Soil,borderline; low_model_reliability,med,FALSE,high,Average/Rich Soil,high_model_reliability,"L=high,M=med,R=med",0.3263333333333333,FALSE,joint_prob_below_threshold
Cedrus deodara,5.0364991677322966,7.131262669639871,6.1448561095101,6.810323672261638,8.15878385111646,MAG,med,FALSE,medium,Partial Sun,,high,FALSE,medium,Warm Climate,,med,TRUE,medium,Average Moisture,borderline; high_model_reliability,high,TRUE,very_low,Alkaline Soil,borderline; low_model_reliability,high,FALSE,high,Requires Fertile Soil,high_model_reliability,"L=high,M=med,R=med",0.040666666666666663,FALSE,joint_prob_below_threshold
Celtis australis,3.651511441287485,6.768474168465907,6.475922891809142,7.529581144123467,10.48029812750245,MAG,med,TRUE,low,Partial Sun,borderline,high,TRUE,low,Warm Climate,borderline,med,TRUE,medium,Average Moisture,borderline; high_model_reliability,high,FALSE,low,Alkaline Soil,low_model_reliability,high,FALSE,high,Requires Fertile Soil,high_model_reliability,"L=high,M=med,R=med",0.0013333333333333333,FALSE,joint_prob_below_threshold
Celtis occidentalis,3.4836077856565306,6.530567900848955,7.660481845491109,7.950476144219464,11.907969895297729,MAG,low,TRUE,low,Deep/Partial Shade,borderline,high,TRUE,low,Warm Climate,borderline,high,FALSE,high,Requires Wet Soil,high_model_reliability,high,FALSE,low,Alkaline Soil,low_model_reliability,high,FALSE,high,Requires Fertile Soil,high_model_reliability,"L=high,M=med,R=med",3.333333333333333e-4,FALSE,joint_prob_below_threshold
Centaurea aspera,5.749952864704453,4.538439224409298,7.377296882430184,7.877022675630639,9.498883499632722,MAG,med,FALSE,medium,Partial Sun,,med,FALSE,medium,Temperate,,high,FALSE,high,Requires Wet Soil,high_model_reliability,high,FALSE,low,Alkaline Soil,low_model_reliability,high,FALSE,high,Requires Fertile Soil,high_model_reliability,"L=high,M=med,R=med",0.014666666666666666,FALSE,joint_prob_below_threshold
Centaurea diffusa,6.649935599861552,4.258562978885561,6.198766983743916,7.259641620716048,6.632210646213669,MAG,high,TRUE,low,Full Sun,borderline,med,FALSE,medium,Temperate,,med,TRUE,medium,Average Moisture,borderline; high_model_reliability,high,FALSE,low,Alkaline Soil,low_model_reliability,high,TRUE,medium,Requires Fertile Soil,borderline; high_model_reliability,"L=high,M=med,R=med",0.104,FALSE,joint_prob_below_threshold
Centaurea jacea,5.919112458840457,4.151598599860753,6.155945642535744,7.175095800754842,7.62120868450698,MAG,med,FALSE,medium,Partial Sun,,med,FALSE,medium,Temperate,,med,TRUE,medium,Average Moisture,borderline; high_model_reliability,high,FALSE,low,Alkaline Soil,low_model_reliability,high,FALSE,high,Requires Fertile Soil,high_model_reliability,"L=high,M=med,R=med",0.07833333333333334,FALSE,joint_prob_below_threshold
Centaurea nigra,5.8048108211183775,4.403531276004446,7.224294474919468,7.737305414110567,9.161177024914586,MAG,med,FALSE,medium,Partial Sun,,med,FALSE,medium,Temperate,,high,FALSE,high,Requires Wet Soil,high_model_reliability,high,FALSE,low,Alkaline Soil,low_model_reliability,high,FALSE,high,Requires Fertile Soil,high_model_reliability,"L=high,M=med,R=med",0.019333333333333334,FALSE,joint_prob_below_threshold
Centaurea nigrescens,5.62843911098679,4.443888939179747,7.627978256001092,7.91358511847262,9.647157156756816,MAG,med,FALSE,medium,Partial Sun,,med,FALSE,medium,Temperate,,high,FALSE,high,Requires Wet Soil,high_model_reliability,high,FALSE,low,Alkaline Soil,low_model_reliability,high,FALSE,high,Requires Fertile Soil,high_model_reliability,"L=high,M=med,R=med",0.010666666666666666,FALSE,joint_prob_below_threshold
Centaurea pectinata,6.3270481588425636,4.180919720426835,6.250627053785458,7.471232692507812,7.3362925795180605,MAG,med,TRUE,low,Partial Sun,borderline,med,FALSE,medium,Temperate,,med,TRUE,medium,Average Moisture,borderline; high_model_reliability,high,FALSE,low,Alkaline Soil,low_model_reliability,high,FALSE,high,Requires Fertile Soil,high_model_reliability,"L=high,M=med,R=med",0.071,FALSE,joint_prob_below_threshold
Centaurea rhaetica,6.7400766213068,4.144369379909772,5.907598066278673,7.179137972233423,6.519323655924776,MAG,high,TRUE,low,Full Sun,borderline,med,FALSE,medium,Temperate,,med,FALSE,high,Average Moisture,high_model_reliability,high,FALSE,low,Alkaline Soil,low_model_reliability,high,TRUE,medium,Requires Fertile Soil,borderline; high_model_reliability,"L=high,M=med,R=med",0.12866666666666668,FALSE,joint_prob_below_threshold
Centaurea scabiosa,5.180458617997235,4.7057623997593625,7.663562997707517,8.125224165119194,10.245813916331777,MAG,med,FALSE,medium,Partial Sun,,med,FALSE,medium,Temperate,,high,FALSE,high,Requires Wet Soil,high_model_reliability,high,FALSE,low,Alkaline Soil,low_model_reliability,high,FALSE,high,Requires Fertile Soil,high_model_reliability,"L=high,M=med,R=med",0.005333333333333333,FALSE,joint_prob_below_threshold
Centaurium erythraea,7.713115921609097,2.5863124245706643,6.9538108238668235,6.754025143669229,6.272814216623939,MAG,high,FALSE,medium,Full Sun,,low,FALSE,medium,Cool Climate,,high,TRUE,medium,Requires Wet Soil,borderline; high_model_reliability,high,TRUE,very_low,Alkaline Soil,borderline; low_model_reliability,med,TRUE,medium,Average/Rich Soil,borderline; high_model_reliability,"L=high,M=med,R=med",0.12,FALSE,joint_prob_below_threshold
Cerastium arvense,7.736697563126486,3.1899524772176586,5.465824878590232,6.633737945519352,5.10273627329274,MAG,high,FALSE,medium,Full Sun,,low,TRUE,low,Cool Climate,borderline,med,FALSE,high,Average Moisture,high_model_reliability,high,TRUE,very_low,Alkaline Soil,borderline; low_model_reliability,med,FALSE,high,Average/Rich Soil,high_model_reliability,"L=high,M=med,R=med",0.281,FALSE,joint_prob_below_threshold
Cerastium fontanum,7.423480166562117,3.2772462334439307,6.681054605365779,6.910989437779884,6.459768000106951,MAG,high,FALSE,medium,Full Sun,,low,TRUE,low,Cool Climate,borderline,high,TRUE,medium,Requires Wet Soil,borderline; high_model_reliability,high,TRUE,very_low,Alkaline Soil,borderline; low_model_reliability,med,TRUE,medium,Average/Rich Soil,borderline; high_model_reliability,"L=high,M=med,R=med",0.12633333333333333,FALSE,joint_prob_below_threshold
Cerastium fontanum subsp. vulgare,7.506247779163718,3.4457661757332394,7.077550471615829,7.035616014175403,6.440777207753761,MAG,high,FALSE,medium,Full Sun,,low,TRUE,low,Cool Climate,borderline,high,FALSE,high,Requires Wet Soil,high_model_reliability,high,FALSE,low,Alkaline Soil,low_model_reliability,med,TRUE,medium,Average/Rich Soil,borderline; high_model_reliability,"L=high,M=med,R=med",0.084,FALSE,joint_prob_below_threshold
Cerastium glomeratum,7.516999123300304,3.181453735381203,7.1504841772267325,6.969857007501789,6.870026727626656,MAG,high,FALSE,medium,Full Sun,,low,TRUE,low,Cool Climate,borderline,high,FALSE,high,Requires Wet Soil,high_model_reliability,high,TRUE,very_low,Alkaline Soil,borderline; low_model_reliability,high,TRUE,medium,Requires Fertile Soil,borderline; high_model_reliability,"L=high,M=med,R=med",0.08066666666666666,FALSE,joint_prob_below_threshold
Cerastium pumilum,8.399055018253787,2.908600690804646,5.850368149417134,6.496287894570151,4.1846730735344755,MAG,high,FALSE,medium,Full Sun,,low,FALSE,medium,Cool Climate,,med,FALSE,high,Average Moisture,high_model_reliability,med,TRUE,very_low,Neutral Soil,borderline; low_model_reliability,med,FALSE,high,Average/Rich Soil,high_model_reliability,"L=high,M=med,R=med",0.267,FALSE,joint_prob_below_threshold
Cerastium purpurascens,6.991552296422059,3.845693511441378,6.720364073853874,7.172379804078295,7.116908945638006,MAG,high,TRUE,low,Full Sun,borderline,med,TRUE,low,Temperate,borderline,high,TRUE,medium,Requires Wet Soil,borderline; high_model_reliability,high,FALSE,low,Alkaline Soil,low_model_reliability,high,FALSE,high,Requires Fertile Soil,high_model_reliability,"L=high,M=med,R=med",0.09633333333333334,FALSE,joint_prob_below_threshold
Cerastium semidecandrum,8.552759200103505,2.798264260013856,6.105311325277095,6.45080968701104,3.8561386633332537,MAG,high,FALSE,medium,Full Sun,,low,FALSE,medium,Cool Climate,,med,TRUE,medium,Average Moisture,borderline; high_model_reliability,med,TRUE,very_low,Neutral Soil,borderline; low_model_reliability,med,TRUE,medium,Average/Rich Soil,borderline; high_model_reliability,"L=high,M=med,R=med",0.239,FALSE,joint_prob_below_threshold
Ceratocarpus arenarius,7.332075460257702,3.7397364041683225,2.9404202223157156,6.352493814366781,2.907402217161543,MAG,high,FALSE,medium,Full Sun,,med,TRUE,low,Temperate,borderline,low,FALSE,high,Drought-Tolerant,high_model_reliability,med,TRUE,very_low,Neutral Soil,borderline; low_model_reliability,low,FALSE,high,Poor Soil,high_model_reliability,"L=high,M=med,R=med",0.09666666666666666,FALSE,joint_prob_below_threshold
Ceratonia siliqua,4.625975190634918,6.7235934201238505,6.213677577131263,7.361104376274936,8.535411338043673,MAG,med,FALSE,medium,Partial Sun,,high,TRUE,low,Warm Climate,borderline,med,TRUE,medium,Average Moisture,borderline; high_model_reliability,high,FALSE,low,Alkaline Soil,low_model_reliability,high,FALSE,high,Requires Fertile Soil,high_model_reliability,"L=high,M=med,R=med",0.014333333333333333,FALSE,joint_prob_below_threshold
Ceratophyllum demersum,6.234912542904265,4.608236422984973,6.501901543766778,7.517611832325705,9.13512640233666,MAG,med,TRUE,low,Partial Sun,borderline,med,FALSE,medium,Temperate,,high,TRUE,medium,Requires Wet Soil,borderline; high_model_reliability,high,FALSE,low,Alkaline Soil,low_model_reliability,high,FALSE,high,Requires Fertile Soil,high_model_reliability,"L=high,M=med,R=med",0.058,FALSE,joint_prob_below_threshold
Cerinthe minor,5.385051126498886,4.730240939311451,6.537543559517989,8.018772172096941,9.128500204142826,MAG,med,FALSE,medium,Partial Sun,,med,FALSE,medium,Temperate,,high,TRUE,medium,Requires Wet Soil,borderline; high_model_reliability,high,FALSE,low,Alkaline Soil,low_model_reliability,high,FALSE,high,Requires Fertile Soil,high_model_reliability,"L=high,M=med,R=med",0.016666666666666666,FALSE,joint_prob_below_threshold
Chaerophyllum hirsutum,4.802554523302172,4.46112218782422,7.637712588702793,8.20051593310674,10.775877632880466,MAG,med,FALSE,medium,Partial Sun,,med,FALSE,medium,Temperate,,high,FALSE,high,Requires Wet Soil,high_model_reliability,high,FALSE,low,Alkaline Soil,low_model_reliability,high,FALSE,high,Requires Fertile Soil,high_model_reliability,"L=high,M=med,R=med",0.003,FALSE,joint_prob_below_threshold
Chaerophyllum roseum,5.420394471764643,4.598341769732179,6.9377290526567705,7.73543078674182,9.3217458362769,MAG,med,FALSE,medium,Partial Sun,,med,FALSE,medium,Temperate,,high,TRUE,medium,Requires Wet Soil,borderline; high_model_reliability,high,FALSE,low,Alkaline Soil,low_model_reliability,high,FALSE,high,Requires Fertile Soil,high_model_reliability,"L=high,M=med,R=med",0.019333333333333334,FALSE,joint_prob_below_threshold
Cheirolophus sempervirens,4.997680700810696,4.527473402960349,6.73661851722408,7.996797880648599,9.798773823878866,MAG,med,FALSE,medium,Partial Sun,,med,FALSE,medium,Temperate,,high,TRUE,medium,Requires Wet Soil,borderline; high_model_reliability,high,FALSE,low,Alkaline Soil,low_model_reliability,high,FALSE,high,Requires Fertile Soil,high_model_reliability,"L=high,M=med,R=med",0.010666666666666666,FALSE,joint_prob_below_threshold
Chelidonium majus,5.072659274130647,3.900301749035437,8.378478306437923,8.195990092631057,12.191805924827053,MAG,med,FALSE,medium,Partial Sun,,med,TRUE,low,Temperate,borderline,high,FALSE,high,Requires Wet Soil,high_model_reliability,high,FALSE,low,Alkaline Soil,low_model_reliability,high,FALSE,high,Requires Fertile Soil,high_model_reliability,"L=high,M=med,R=med",0.0013333333333333333,FALSE,joint_prob_below_threshold
Chenopodium album,5.978777875807799,4.062041872368972,7.821934971133601,7.671433582708514,10.049231517105012,MAG,med,FALSE,medium,Partial Sun,,med,FALSE,medium,Temperate,,high,FALSE,high,Requires Wet Soil,high_model_reliability,high,FALSE,low,Alkaline Soil,low_model_reliability,high,FALSE,high,Requires Fertile Soil,high_model_reliability,"L=high,M=med,R=med",0.010666666666666666,FALSE,joint_prob_below_threshold
Chenopodium bonus-henricus,4.998279427077377,4.047405560915448,7.766893527788933,8.193547309114273,11.989217070814966,MAG,med,FALSE,medium,Partial Sun,,med,FALSE,medium,Temperate,,high,FALSE,high,Requires Wet Soil,high_model_reliability,high,FALSE,low,Alkaline Soil,low_model_reliability,high,FALSE,high,Requires Fertile Soil,high_model_reliability,"L=high,M=med,R=med",0.0026666666666666666,FALSE,joint_prob_below_threshold
Chondrilla juncea,6.828758548032968,3.963277850665883,7.254195161452553,7.167267451012451,7.275672890829227,MAG,high,TRUE,low,Full Sun,borderline,med,TRUE,low,Temperate,borderline,high,FALSE,high,Requires Wet Soil,high_model_reliability,high,FALSE,low,Alkaline Soil,low_model_reliability,high,FALSE,high,Requires Fertile Soil,high_model_reliability,"L=high,M=med,R=med",0.05733333333333333,FALSE,joint_prob_below_threshold
Chrysopogon gryllus,6.120682960937739,4.375278706696599,6.60899457563283,7.264012773936723,7.620346834184023,MAG,med,TRUE,low,Partial Sun,borderline,med,FALSE,medium,Temperate,,high,TRUE,medium,Requires Wet Soil,borderline; high_model_reliability,high,FALSE,low,Alkaline Soil,low_model_reliability,high,FALSE,high,Requires Fertile Soil,high_model_reliability,"L=high,M=med,R=med",0.06333333333333334,FALSE,joint_prob_below_threshold
Chrysosplenium alternifolium,7.259714699536063,3.0679692685923534,7.828590869444305,7.286593810497558,8.225262023640683,MAG,high,FALSE,medium,Full Sun,,low,TRUE,low,Cool Climate,borderline,high,FALSE,high,Requires Wet Soil,high_model_reliability,high,FALSE,low,Alkaline Soil,low_model_reliability,high,FALSE,high,Requires Fertile Soil,high_model_reliability,"L=high,M=med,R=med",0.026,FALSE,joint_prob_below_threshold
Chrysosplenium oppositifolium,7.6409064707201075,2.84460180451296,7.085953542820502,7.068719808269416,6.992482661715128,MAG,high,FALSE,medium,Full Sun,,low,FALSE,medium,Cool Climate,,high,FALSE,high,Requires Wet Soil,high_model_reliability,high,FALSE,low,Alkaline Soil,low_model_reliability,high,TRUE,medium,Requires Fertile Soil,borderline; high_model_reliability,"L=high,M=med,R=med",0.082,FALSE,joint_prob_below_threshold
Cichorium intybus,5.7051775886877305,4.299294315141621,8.039922786992626,7.881984479026037,10.190391957744756,MAG,med,FALSE,medium,Partial Sun,,med,FALSE,medium,Temperate,,high,FALSE,high,Requires Wet Soil,high_model_reliability,high,FALSE,low,Alkaline Soil,low_model_reliability,high,FALSE,high,Requires Fertile Soil,high_model_reliability,"L=high,M=med,R=med",0.006333333333333333,FALSE,joint_prob_below_threshold
Circaea alpina,6.623932135612293,3.6047372608973114,6.690084486324901,7.451478433307961,7.568392854508923,MAG,high,TRUE,low,Full Sun,borderline,med,TRUE,low,Temperate,borderline,high,TRUE,medium,Requires Wet Soil,borderline; high_model_reliability,high,FALSE,low,Alkaline Soil,low_model_reliability,high,FALSE,high,Requires Fertile Soil,high_model_reliability,"L=high,M=med,R=med",0.06366666666666666,FALSE,joint_prob_below_threshold
Circaea lutetiana,5.717218554698059,4.167325362718888,7.572581908089132,7.978106523183452,9.886905442199389,MAG,med,FALSE,medium,Partial Sun,,med,FALSE,medium,Temperate,,high,FALSE,high,Requires Wet Soil,high_model_reliability,high,FALSE,low,Alkaline Soil,low_model_reliability,high,FALSE,high,Requires Fertile Soil,high_model_reliability,"L=high,M=med,R=med",0.012,FALSE,joint_prob_below_threshold
Cirsium arvense,5.509794444981557,4.509453081391054,10.260101123168257,8.920641056936384,13.267180600370551,MAG,med,FALSE,medium,Partial Sun,,med,FALSE,medium,Temperate,,high,FALSE,high,Requires Wet Soil,high_model_reliability,high,FALSE,low,Alkaline Soil,low_model_reliability,high,FALSE,high,Requires Fertile Soil,high_model_reliability,"L=high,M=med,R=med",0,FALSE,joint_prob_below_threshold
Cirsium dissectum,5.719789198550702,4.278083427374392,7.563784768606368,7.869189873063909,9.25441608015212,MAG,med,FALSE,medium,Partial Sun,,med,FALSE,medium,Temperate,,high,FALSE,high,Requires Wet Soil,high_model_reliability,high,FALSE,low,Alkaline Soil,low_model_reliability,high,FALSE,high,Requires Fertile Soil,high_model_reliability,"L=high,M=med,R=med",0.013333333333333334,FALSE,joint_prob_below_threshold
Cirsium heterophyllum,4.906328314486377,4.335607911203656,9.055440800359198,8.568415200213172,12.273563859916129,MAG,med,FALSE,medium,Partial Sun,,med,FALSE,medium,Temperate,,high,FALSE,high,Requires Wet Soil,high_model_reliability,high,FALSE,low,Alkaline Soil,low_model_reliability,high,FALSE,high,Requires Fertile Soil,high_model_reliability,"L=high,M=med,R=med",0,FALSE,joint_prob_below_threshold
Cirsium oleraceum,5.069657935241989,4.5517306224500365,8.410704360041148,8.250057653419454,12.058525713265857,MAG,med,FALSE,medium,Partial Sun,,med,FALSE,medium,Temperate,,high,FALSE,high,Requires Wet Soil,high_model_reliability,high,FALSE,low,Alkaline Soil,low_model_reliability,high,FALSE,high,Requires Fertile Soil,high_model_reliability,"L=high,M=med,R=med",0.0013333333333333333,FALSE,joint_prob_below_threshold
Cirsium palustre,5.682329120461277,4.662790394869392,9.705597509621214,8.62092718812606,11.7469859102865,MAG,med,FALSE,medium,Partial Sun,,med,FALSE,medium,Temperate,,high,FALSE,high,Requires Wet Soil,high_model_reliability,high,FALSE,low,Alkaline Soil,low_model_reliability,high,FALSE,high,Requires Fertile Soil,high_model_reliability,"L=high,M=med,R=med",0,FALSE,joint_prob_below_threshold
Cirsium pannonicum,5.710330690940676,4.4436332265102045,7.780196495496796,7.901976290191754,9.455619975832615,MAG,med,FALSE,medium,Partial Sun,,med,FALSE,medium,Temperate,,high,FALSE,high,Requires Wet Soil,high_model_reliability,high,FALSE,low,Alkaline Soil,low_model_reliability,high,FALSE,high,Requires Fertile Soil,high_model_reliability,"L=high,M=med,R=med",0.008,FALSE,joint_prob_below_threshold
Cirsium vulgare,5.3710378025667245,4.642647921562518,8.619038698013307,8.238334041429578,10.67653254415812,MAG,med,FALSE,medium,Partial Sun,,med,FALSE,medium,Temperate,,high,FALSE,high,Requires Wet Soil,high_model_reliability,high,FALSE,low,Alkaline Soil,low_model_reliability,high,FALSE,high,Requires Fertile Soil,high_model_reliability,"L=high,M=med,R=med",0.001,FALSE,joint_prob_below_threshold
Cladium mariscus,5.292316484298027,4.613536144550664,7.657424809627576,7.644527483945217,9.211826900373024,MAG,med,FALSE,medium,Partial Sun,,med,FALSE,medium,Temperate,,high,FALSE,high,Requires Wet Soil,high_model_reliability,high,FALSE,low,Alkaline Soil,low_model_reliability,high,FALSE,high,Requires Fertile Soil,high_model_reliability,"L=high,M=med,R=med",0.009,FALSE,joint_prob_below_threshold
Clinopodium nepeta,6.9340472507559525,3.700341527523031,6.868185715923741,7.066214733754123,7.498629554014957,MAG,high,TRUE,low,Full Sun,borderline,med,TRUE,low,Temperate,borderline,high,TRUE,medium,Requires Wet Soil,borderline; high_model_reliability,high,FALSE,low,Alkaline Soil,low_model_reliability,high,FALSE,high,Requires Fertile Soil,high_model_reliability,"L=high,M=med,R=med",0.09366666666666666,FALSE,joint_prob_below_threshold
Clinopodium vulgare,6.695448646661949,3.808059520733781,6.876745525581787,7.1424224042496975,7.354232543385907,MAG,high,TRUE,low,Full Sun,borderline,med,TRUE,low,Temperate,borderline,high,TRUE,medium,Requires Wet Soil,borderline; high_model_reliability,high,FALSE,low,Alkaline Soil,low_model_reliability,high,FALSE,high,Requires Fertile Soil,high_model_reliability,"L=high,M=med,R=med",0.07833333333333334,FALSE,joint_prob_below_threshold
Comarum palustre,6.289022938456906,3.818768977781258,7.449566648220024,7.491628830466489,8.223279674670056,MAG,med,TRUE,low,Partial Sun,borderline,med,TRUE,low,Temperate,borderline,high,FALSE,high,Requires Wet Soil,high_model_reliability,high,FALSE,low,Alkaline Soil,low_model_reliability,high,FALSE,high,Requires Fertile Soil,high_model_reliability,"L=high,M=med,R=med",0.027333333333333334,FALSE,joint_prob_below_threshold
Conium maculatum,4.540718536580338,4.563130780241205,8.563020618268656,8.345744986456443,13.067443273627871,MAG,med,FALSE,medium,Partial Sun,,med,FALSE,medium,Temperate,,high,FALSE,high,Requires Wet Soil,high_model_reliability,high,FALSE,low,Alkaline Soil,low_model_reliability,high,FALSE,high,Requires Fertile Soil,high_model_reliability,"L=high,M=med,R=med",6.666666666666666e-4,FALSE,joint_prob_below_threshold
Conopodium majus,5.954582378116151,4.125790566929113,6.608343375636073,7.628050612266936,8.9986825055081745,MAG,med,FALSE,medium,Partial Sun,,med,FALSE,medium,Temperate,,high,TRUE,medium,Requires Wet Soil,borderline; high_model_reliability,high,FALSE,low,Alkaline Soil,low_model_reliability,high,FALSE,high,Requires Fertile Soil,high_model_reliability,"L=high,M=med,R=med",0.042666666666666665,FALSE,joint_prob_below_threshold
Convallaria majalis,5.009167718129694,4.508330773731476,6.234922032187377,8.17851046572985,9.411286946833073,MAG,med,FALSE,medium,Partial Sun,,med,FALSE,medium,Temperate,,med,TRUE,medium,Average Moisture,borderline; high_model_reliability,high,FALSE,low,Alkaline Soil,low_model_reliability,high,FALSE,high,Requires Fertile Soil,high_model_reliability,"L=high,M=med,R=med",0.01,FALSE,joint_prob_below_threshold
Convolvulus arvensis,5.511255845744243,4.6267735483083845,6.272692060070446,7.848815697727366,9.079003511529164,MAG,med,FALSE,medium,Partial Sun,,med,FALSE,medium,Temperate,,med,TRUE,medium,Average Moisture,borderline; high_model_reliability,high,FALSE,low,Alkaline Soil,low_model_reliability,high,FALSE,high,Requires Fertile Soil,high_model_reliability,"L=high,M=med,R=med",0.026,FALSE,joint_prob_below_threshold
Coreopsis tinctoria,6.704017604896304,3.721753696237524,6.777323715447377,6.97943311818732,6.9361720260168935,MAG,high,TRUE,low,Full Sun,borderline,med,TRUE,low,Temperate,borderline,high,TRUE,medium,Requires Wet Soil,borderline; high_model_reliability,high,TRUE,very_low,Alkaline Soil,borderline; low_model_reliability,high,TRUE,medium,Requires Fertile Soil,borderline; high_model_reliability,"L=high,M=med,R=med",0.09466666666666666,FALSE,joint_prob_below_threshold
Cornus sanguinea,4.4616448289517665,5.567319377369842,5.167385616874986,7.2708688362698926,8.10635481588197,MAG,med,FALSE,medium,Partial Sun,,med,FALSE,medium,Temperate,,med,FALSE,high,Average Moisture,high_model_reliability,high,FALSE,low,Alkaline Soil,low_model_reliability,high,FALSE,high,Requires Fertile Soil,high_model_reliability,"L=high,M=med,R=med",0.015,FALSE,joint_prob_below_threshold
Cornus sericea,4.584775904485889,5.459695525448732,6.160994556592975,7.477023012328398,9.009254535302189,MAG,med,FALSE,medium,Partial Sun,,med,FALSE,medium,Temperate,,med,TRUE,medium,Average Moisture,borderline; high_model_reliability,high,FALSE,low,Alkaline Soil,low_model_reliability,high,FALSE,high,Requires Fertile Soil,high_model_reliability,"L=high,M=med,R=med",0.012,FALSE,joint_prob_below_threshold
Cornus suecica,6.420463722370034,4.125878914224746,5.86927662939674,7.4032288436943965,6.979460656143734,MAG,med,TRUE,low,Partial Sun,borderline,med,FALSE,medium,Temperate,,med,FALSE,high,Average Moisture,high_model_reliability,high,FALSE,low,Alkaline Soil,low_model_reliability,high,TRUE,medium,Requires Fertile Soil,borderline; high_model_reliability,"L=high,M=med,R=med",0.09433333333333334,FALSE,joint_prob_below_threshold
Coronilla coronata,5.9862363986928075,4.794411573430359,6.416918662528525,7.662796720315014,8.136883964459331,MAG,med,FALSE,medium,Partial Sun,,med,FALSE,medium,Temperate,,med,TRUE,medium,Average Moisture,borderline; high_model_reliability,high,FALSE,low,Alkaline Soil,low_model_reliability,high,FALSE,high,Requires Fertile Soil,high_model_reliability,"L=high,M=med,R=med",0.04466666666666667,FALSE,joint_prob_below_threshold
Coronilla minima,7.087915274455402,4.2569691064591,5.328225599526727,6.956326477566201,5.309611744398476,MAG,high,FALSE,medium,Full Sun,,med,FALSE,medium,Temperate,,med,FALSE,high,Average Moisture,high_model_reliability,high,TRUE,very_low,Alkaline Soil,borderline; low_model_reliability,med,FALSE,high,Average/Rich Soil,high_model_reliability,"L=high,M=med,R=med",0.20166666666666666,FALSE,joint_prob_below_threshold
Coronilla vaginalis,6.939106940954919,4.0429331276498,5.024552280571118,7.295892221451771,5.781431048369345,MAG,high,TRUE,low,Full Sun,borderline,med,FALSE,medium,Temperate,,med,FALSE,high,Average Moisture,high_model_reliability,high,FALSE,low,Alkaline Soil,low_model_reliability,med,FALSE,high,Average/Rich Soil,high_model_reliability,"L=high,M=med,R=med",0.157,FALSE,joint_prob_below_threshold
Corylus avellana,3.562619419593537,6.4558524441295715,4.971767274207808,7.708128461657994,9.018993871936908,MAG,med,TRUE,low,Partial Sun,borderline,med,TRUE,low,Temperate,borderline,med,FALSE,high,Average Moisture,high_model_reliability,high,FALSE,low,Alkaline Soil,low_model_reliability,high,FALSE,high,Requires Fertile Soil,high_model_reliability,"L=high,M=med,R=med",0.0016666666666666668,FALSE,joint_prob_below_threshold
Corynephorus canescens,7.62547141675309,3.193122609466111,5.414525500934801,6.347031809833756,4.8201194994202075,MAG,high,FALSE,medium,Full Sun,,low,TRUE,low,Cool Climate,borderline,med,FALSE,high,Average Moisture,high_model_reliability,med,TRUE,very_low,Neutral Soil,borderline; low_model_reliability,med,FALSE,high,Average/Rich Soil,high_model_reliability,"L=high,M=med,R=med",0.31533333333333335,FALSE,joint_prob_below_threshold
Cota tinctoria,6.707720229639431,3.961358137813653,7.196695325697807,7.268884977627611,7.654124728658475,MAG,high,TRUE,low,Full Sun,borderline,med,TRUE,low,Temperate,borderline,high,FALSE,high,Requires Wet Soil,high_model_reliability,high,FALSE,low,Alkaline Soil,low_model_reliability,high,FALSE,high,Requires Fertile Soil,high_model_reliability,"L=high,M=med,R=med",0.05333333333333334,FALSE,joint_prob_below_threshold
Crataegus monogyna,4.642510816896401,5.962494926536226,4.98674191386005,7.029828742177456,7.596643369821677,MAG,med,FALSE,medium,Partial Sun,,med,FALSE,medium,Temperate,,med,FALSE,high,Average Moisture,high_model_reliability,high,FALSE,low,Alkaline Soil,low_model_reliability,high,FALSE,high,Requires Fertile Soil,high_model_reliability,"L=high,M=med,R=med",0.022333333333333334,FALSE,joint_prob_below_threshold
Crepis biennis,5.397989933682865,4.234263023486091,8.720531902856603,8.229370683324042,11.469304650764585,MAG,med,FALSE,medium,Partial Sun,,med,FALSE,medium,Temperate,,high,FALSE,high,Requires Wet Soil,high_model_reliability,high,FALSE,low,Alkaline Soil,low_model_reliability,high,FALSE,high,Requires Fertile Soil,high_model_reliability,"L=high,M=med,R=med",0.0013333333333333333,FALSE,joint_prob_below_threshold
Crepis capillaris,6.3286166139171005,3.561849710553914,8.240351427487234,7.762316022402702,9.883134187287473,MAG,med,TRUE,low,Partial Sun,borderline,med,TRUE,low,Temperate,borderline,high,FALSE,high,Requires Wet Soil,high_model_reliability,high,FALSE,low,Alkaline Soil,low_model_reliability,high,FALSE,high,Requires Fertile Soil,high_model_reliability,"L=high,M=med,R=med",0.006,FALSE,joint_prob_below_threshold
Crepis foetida,6.700874005066675,3.722327222777572,8.011606906971492,7.944590906824503,9.057238606212058,MAG,high,TRUE,low,Full Sun,borderline,med,TRUE,low,Temperate,borderline,high,FALSE,high,Requires Wet Soil,high_model_reliability,high,FALSE,low,Alkaline Soil,low_model_reliability,high,FALSE,high,Requires Fertile Soil,high_model_reliability,"L=high,M=med,R=med",0.01,FALSE,joint_prob_below_threshold
Crepis froelichiana,6.383542205531705,3.791966375102127,7.143176860455114,7.51695770157057,8.32331441153822,MAG,med,TRUE,low,Partial Sun,borderline,med,TRUE,low,Temperate,borderline,high,FALSE,high,Requires Wet Soil,high_model_reliability,high,FALSE,low,Alkaline Soil,low_model_reliability,high,FALSE,high,Requires Fertile Soil,high_model_reliability,"L=high,M=med,R=med",0.03766666666666667,FALSE,joint_prob_below_threshold
Crepis paludosa,5.785844905800339,4.039859545240986,8.387953884309194,7.949346955028639,10.699926226299432,MAG,med,FALSE,medium,Partial Sun,,med,FALSE,medium,Temperate,,high,FALSE,high,Requires Wet Soil,high_model_reliability,high,FALSE,low,Alkaline Soil,low_model_reliability,high,FALSE,high,Requires Fertile Soil,high_model_reliability,"L=high,M=med,R=med",0.003,FALSE,joint_prob_below_threshold
Crepis pyrenaica,5.469359848393942,4.2138333524638165,6.949933202525576,7.764440494048658,9.34313913079185,MAG,med,FALSE,medium,Partial Sun,,med,FALSE,medium,Temperate,,high,TRUE,medium,Requires Wet Soil,borderline; high_model_reliability,high,FALSE,low,Alkaline Soil,low_model_reliability,high,FALSE,high,Requires Fertile Soil,high_model_reliability,"L=high,M=med,R=med",0.019666666666666666,FALSE,joint_prob_below_threshold
Crepis tectorum,7.251360623704631,3.773239883800074,6.730146734237475,7.133752279607991,6.45609322663757,MAG,high,FALSE,medium,Full Sun,,med,TRUE,low,Temperate,borderline,high,TRUE,medium,Requires Wet Soil,borderline; high_model_reliability,high,FALSE,low,Alkaline Soil,low_model_reliability,med,TRUE,medium,Average/Rich Soil,borderline; high_model_reliability,"L=high,M=med,R=med",0.10066666666666667,FALSE,joint_prob_below_threshold
Crepis vesicaria,6.2601357289474695,3.883071508664584,8.015311026670995,7.653751116695958,9.391728192623647,MAG,med,TRUE,low,Partial Sun,borderline,med,TRUE,low,Temperate,borderline,high,FALSE,high,Requires Wet Soil,high_model_reliability,high,FALSE,low,Alkaline Soil,low_model_reliability,high,FALSE,high,Requires Fertile Soil,high_model_reliability,"L=high,M=med,R=med",0.010333333333333333,FALSE,joint_prob_below_threshold
Cruciata glabra,7.01954770245639,4.014672233505722,5.830540278169054,7.072588042070685,6.075277042273703,MAG,high,FALSE,medium,Full Sun,,med,FALSE,medium,Temperate,,med,FALSE,high,Average Moisture,high_model_reliability,high,FALSE,low,Alkaline Soil,low_model_reliability,med,TRUE,medium,Average/Rich Soil,borderline; high_model_reliability,"L=high,M=med,R=med",0.16266666666666665,FALSE,joint_prob_below_threshold
Cruciata laevipes,6.502956551340585,4.442992045490071,6.062765266096479,7.177741791924559,7.191518479787635,MAG,high,TRUE,low,Full Sun,borderline,med,FALSE,medium,Temperate,,med,TRUE,medium,Average Moisture,borderline; high_model_reliability,high,FALSE,low,Alkaline Soil,low_model_reliability,high,FALSE,high,Requires Fertile Soil,high_model_reliability,"L=high,M=med,R=med",0.10933333333333334,FALSE,joint_prob_below_threshold
Cryptomeria japonica,6.148775961807432,6.3273722906133285,8.140107129394572,6.776193722672404,8.637963507390264,MAG,med,TRUE,low,Partial Sun,borderline,med,TRUE,low,Temperate,borderline,high,FALSE,high,Requires Wet Soil,high_model_reliability,high,TRUE,very_low,Alkaline Soil,borderline; low_model_reliability,high,FALSE,high,Requires Fertile Soil,high_model_reliability,"L=high,M=med,R=med",0.018,FALSE,joint_prob_below_threshold
Cupressus sempervirens,6.607994487670534,6.5411549218991025,6.352059840242081,6.135901988950936,6.227423924842027,MAG,high,TRUE,low,Full Sun,borderline,high,TRUE,low,Warm Climate,borderline,med,TRUE,medium,Average Moisture,borderline; high_model_reliability,med,TRUE,very_low,Neutral Soil,borderline; low_model_reliability,med,TRUE,medium,Average/Rich Soil,borderline; high_model_reliability,"L=high,M=med,R=med",0.19033333333333333,FALSE,joint_prob_below_threshold
Cyclamen purpurascens,5.8461449986702805,3.917617435879304,6.291652351187457,8.017307764900751,8.93227840681193,MAG,med,FALSE,medium,Partial Sun,,med,TRUE,low,Temperate,borderline,med,TRUE,medium,Average Moisture,borderline; high_model_reliability,high,FALSE,low,Alkaline Soil,low_model_reliability,high,FALSE,high,Requires Fertile Soil,high_model_reliability,"L=high,M=med,R=med",0.03133333333333333,FALSE,joint_prob_below_threshold
Cynodon dactylon,7.1646158436616325,3.383922495378033,6.218582052870472,6.846008844264425,6.5626951738109724,MAG,high,FALSE,medium,Full Sun,,low,TRUE,low,Cool Climate,borderline,med,TRUE,medium,Average Moisture,borderline; high_model_reliability,high,TRUE,very_low,Alkaline Soil,borderline; low_model_reliability,high,TRUE,medium,Requires Fertile Soil,borderline; high_model_reliability,"L=high,M=med,R=med",0.17266666666666666,FALSE,joint_prob_below_threshold
Cynosurus cristatus,6.476846377089013,3.965963347610049,7.057743256871104,7.288330082899038,8.025076953959742,MAG,med,TRUE,low,Partial Sun,borderline,med,TRUE,low,Temperate,borderline,high,FALSE,high,Requires Wet Soil,high_model_reliability,high,FALSE,low,Alkaline Soil,low_model_reliability,high,FALSE,high,Requires Fertile Soil,high_model_reliability,"L=high,M=med,R=med",0.053,FALSE,joint_prob_below_threshold
Cytisus scoparius,6.026395333004386,5.012843473015197,3.919507136574091,6.213697390201888,4.879203488529778,MAG,med,TRUE,low,Partial Sun,borderline,med,FALSE,medium,Temperate,,med,TRUE,medium,Average Moisture,borderline; high_model_reliability,med,TRUE,very_low,Neutral Soil,borderline; low_model_reliability,med,FALSE,high,Average/Rich Soil,high_model_reliability,"L=high,M=med,R=med",0.10033333333333333,FALSE,joint_prob_below_threshold
Dactylis glomerata,5.867886264912784,4.184189836598927,7.4563157334592844,7.526992669192772,9.073574115369746,MAG,med,FALSE,medium,Partial Sun,,med,FALSE,medium,Temperate,,high,FALSE,high,Requires Wet Soil,high_model_reliability,high,FALSE,low,Alkaline Soil,low_model_reliability,high,FALSE,high,Requires Fertile Soil,high_model_reliability,"L=high,M=med,R=med",0.02,FALSE,joint_prob_below_threshold
Danthonia decumbens,6.621706563858392,3.8948185711542247,5.9672801273682055,7.1021074845289265,6.376554478955215,MAG,high,TRUE,low,Full Sun,borderline,med,TRUE,low,Temperate,borderline,med,FALSE,high,Average Moisture,high_model_reliability,high,FALSE,low,Alkaline Soil,low_model_reliability,med,TRUE,medium,Average/Rich Soil,borderline; high_model_reliability,"L=high,M=med,R=med",0.12566666666666668,FALSE,joint_prob_below_threshold
Datura stramonium,4.0789818365963635,4.7035396005415695,8.525631757481719,8.785104476891737,14.3482785399991,MAG,med,FALSE,medium,Partial Sun,,med,FALSE,medium,Temperate,,high,FALSE,high,Requires Wet Soil,high_model_reliability,high,FALSE,low,Alkaline Soil,low_model_reliability,high,FALSE,high,Requires Fertile Soil,high_model_reliability,"L=high,M=med,R=med",0,FALSE,joint_prob_below_threshold
Daucus carota,6.123713808941936,4.17858474878971,8.009679151386035,7.892457385964322,9.606597627711292,MAG,med,TRUE,low,Partial Sun,borderline,med,FALSE,medium,Temperate,,high,FALSE,high,Requires Wet Soil,high_model_reliability,high,FALSE,low,Alkaline Soil,low_model_reliability,high,FALSE,high,Requires Fertile Soil,high_model_reliability,"L=high,M=med,R=med",0.007333333333333333,FALSE,joint_prob_below_threshold
Deschampsia cespitosa,6.571681877122954,3.884731278434132,7.299070430590808,7.115112360569329,7.76175944544229,MAG,high,TRUE,low,Full Sun,borderline,med,TRUE,low,Temperate,borderline,high,FALSE,high,Requires Wet Soil,high_model_reliability,high,FALSE,low,Alkaline Soil,low_model_reliability,high,FALSE,high,Requires Fertile Soil,high_model_reliability,"L=high,M=med,R=med",0.04633333333333333,FALSE,joint_prob_below_threshold
Descurainia sophia,6.153642569237216,3.453529801439359,8.204181847389238,7.609973407172719,10.714415510645123,MAG,med,TRUE,low,Partial Sun,borderline,low,TRUE,low,Cool Climate,borderline,high,FALSE,high,Requires Wet Soil,high_model_reliability,high,FALSE,low,Alkaline Soil,low_model_reliability,high,FALSE,high,Requires Fertile Soil,high_model_reliability,"L=high,M=med,R=med",0.008,FALSE,joint_prob_below_threshold
Dianthus armeria,6.857213518663025,3.895543892685814,7.394804011255928,7.260860640202518,7.6840171731684,MAG,high,TRUE,low,Full Sun,borderline,med,TRUE,low,Temperate,borderline,high,FALSE,high,Requires Wet Soil,high_model_reliability,high,FALSE,low,Alkaline Soil,low_model_reliability,high,FALSE,high,Requires Fertile Soil,high_model_reliability,"L=high,M=med,R=med",0.046,FALSE,joint_prob_below_threshold
Dianthus chinensis,6.943554475735614,4.0977138786730984,5.316481692599367,6.799475944367347,5.390174929315537,MAG,high,TRUE,low,Full Sun,borderline,med,FALSE,medium,Temperate,,med,FALSE,high,Average Moisture,high_model_reliability,high,TRUE,very_low,Alkaline Soil,borderline; low_model_reliability,med,FALSE,high,Average/Rich Soil,high_model_reliability,"L=high,M=med,R=med",0.21166666666666667,FALSE,joint_prob_below_threshold
Dianthus seguieri,6.8649221152093345,4.080286974887811,6.2711247398860515,7.034030811924,6.441137606169466,MAG,high,TRUE,low,Full Sun,borderline,med,FALSE,medium,Temperate,,med,TRUE,medium,Average Moisture,borderline; high_model_reliability,high,FALSE,low,Alkaline Soil,low_model_reliability,med,TRUE,medium,Average/Rich Soil,borderline; high_model_reliability,"L=high,M=med,R=med",0.135,FALSE,joint_prob_below_threshold
Dianthus sylvestris,7.251072700337282,3.454683903716178,5.584937787612502,6.862302582320279,5.242044841562543,MAG,high,FALSE,medium,Full Sun,,low,TRUE,low,Cool Climate,borderline,med,FALSE,high,Average Moisture,high_model_reliability,high,TRUE,very_low,Alkaline Soil,borderline; low_model_reliability,med,FALSE,high,Average/Rich Soil,high_model_reliability,"L=high,M=med,R=med",0.216,FALSE,joint_prob_below_threshold
Diapensia lapponica,8.857259944637635,2.826653229048763,3.907947237030029,5.907443502065116,1.001245022524642,MAG,high,FALSE,medium,Full Sun,,low,FALSE,medium,Cool Climate,,med,TRUE,medium,Average Moisture,borderline; high_model_reliability,med,FALSE,low,Neutral Soil,low_model_reliability,low,FALSE,high,Poor Soil,high_model_reliability,"L=high,M=med,R=med",0.31466666666666665,FALSE,joint_prob_below_threshold
Dictamnus albus,5.2103553424685805,5.008645688191632,6.943419721330752,7.932058171190686,9.85656928202537,MAG,med,FALSE,medium,Partial Sun,,med,FALSE,medium,Temperate,,high,TRUE,medium,Requires Wet Soil,borderline; high_model_reliability,high,FALSE,low,Alkaline Soil,low_model_reliability,high,FALSE,high,Requires Fertile Soil,high_model_reliability,"L=high,M=med,R=med",0.014,FALSE,joint_prob_below_threshold
Digitalis grandiflora,6.030028853587219,3.7750846699815583,8.728827186402118,7.768277305627459,10.363981773309709,MAG,med,TRUE,low,Partial Sun,borderline,med,TRUE,low,Temperate,borderline,high,FALSE,high,Requires Wet Soil,high_model_reliability,high,FALSE,low,Alkaline Soil,low_model_reliability,high,FALSE,high,Requires Fertile Soil,high_model_reliability,"L=high,M=med,R=med",0.0026666666666666666,FALSE,joint_prob_below_threshold
Digitalis purpurea,5.228399176208729,3.4776001269343277,9.552551434763258,8.11880146965734,12.58381984278535,MAG,med,FALSE,medium,Partial Sun,,low,TRUE,low,Cool Climate,borderline,high,FALSE,high,Requires Wet Soil,high_model_reliability,high,FALSE,low,Alkaline Soil,low_model_reliability,high,FALSE,high,Requires Fertile Soil,high_model_reliability,"L=high,M=med,R=med",6.666666666666666e-4,FALSE,joint_prob_below_threshold
Digitaria sanguinalis,6.723247924915096,3.891871911773379,7.835143744279266,7.688104794685603,8.442140146590209,MAG,high,TRUE,low,Full Sun,borderline,med,TRUE,low,Temperate,borderline,high,FALSE,high,Requires Wet Soil,high_model_reliability,high,FALSE,low,Alkaline Soil,low_model_reliability,high,FALSE,high,Requires Fertile Soil,high_model_reliability,"L=high,M=med,R=med",0.015333333333333332,FALSE,joint_prob_below_threshold
Dipsacus fullonum,5.070541271771958,4.70250856914325,8.825567928511909,8.31729765997935,11.21047817580214,MAG,med,FALSE,medium,Partial Sun,,med,FALSE,medium,Temperate,,high,FALSE,high,Requires Wet Soil,high_model_reliability,high,FALSE,low,Alkaline Soil,low_model_reliability,high,FALSE,high,Requires Fertile Soil,high_model_reliability,"L=high,M=med,R=med",0.001,FALSE,joint_prob_below_threshold
Draba hispida,8.026228427331446,2.8973974996168748,5.897757011549992,6.80121443275476,5.959347478072778,MAG,high,FALSE,medium,Full Sun,,low,FALSE,medium,Cool Climate,,med,FALSE,high,Average Moisture,high_model_reliability,high,TRUE,very_low,Alkaline Soil,borderline; low_model_reliability,med,FALSE,high,Average/Rich Soil,high_model_reliability,"L=high,M=med,R=med",0.22333333333333333,FALSE,joint_prob_below_threshold
Drosera rotundifolia,8.421846317091283,2.560399475307033,6.909313304353663,6.656187057960603,5.313401175593016,MAG,high,FALSE,medium,Full Sun,,low,FALSE,medium,Cool Climate,,high,TRUE,medium,Requires Wet Soil,borderline; high_model_reliability,high,TRUE,very_low,Alkaline Soil,borderline; low_model_reliability,med,FALSE,high,Average/Rich Soil,high_model_reliability,"L=high,M=med,R=med",0.12866666666666668,FALSE,joint_prob_below_threshold
Echinochloa crus-galli,5.793866873063992,4.320372804890939,7.690478158103257,7.798337278310721,9.352190150549196,MAG,med,FALSE,medium,Partial Sun,,med,FALSE,medium,Temperate,,high,FALSE,high,Requires Wet Soil,high_model_reliability,high,FALSE,low,Alkaline Soil,low_model_reliability,high,FALSE,high,Requires Fertile Soil,high_model_reliability,"L=high,M=med,R=med",0.012,FALSE,joint_prob_below_threshold
Echinops ritro,5.5940933389654734,4.942508444912547,6.816880001550393,7.926303741180152,8.359514463515664,MAG,med,FALSE,medium,Partial Sun,,med,FALSE,medium,Temperate,,high,TRUE,medium,Requires Wet Soil,borderline; high_model_reliability,high,FALSE,low,Alkaline Soil,low_model_reliability,high,FALSE,high,Requires Fertile Soil,high_model_reliability,"L=high,M=med,R=med",0.021,FALSE,joint_prob_below_threshold
Echium plantagineum,5.815599347384943,4.271328575805292,7.039091063882848,7.864933916892857,8.559024478357777,MAG,med,FALSE,medium,Partial Sun,,med,FALSE,medium,Temperate,,high,FALSE,high,Requires Wet Soil,high_model_reliability,high,FALSE,low,Alkaline Soil,low_model_reliability,high,FALSE,high,Requires Fertile Soil,high_model_reliability,"L=high,M=med,R=med",0.021666666666666667,FALSE,joint_prob_below_threshold
Echium vulgare,5.498474189237162,4.425309560979185,7.961143761960464,8.125295303254974,10.173804794065008,MAG,med,FALSE,medium,Partial Sun,,med,FALSE,medium,Temperate,,high,FALSE,high,Requires Wet Soil,high_model_reliability,high,FALSE,low,Alkaline Soil,low_model_reliability,high,FALSE,high,Requires Fertile Soil,high_model_reliability,"L=high,M=med,R=med",0.004333333333333333,FALSE,joint_prob_below_threshold
Elaeagnus angustifolia,3.698496113621269,6.392487009550602,6.944250870113949,7.767974527550281,11.165681619048502,MAG,med,TRUE,low,Partial Sun,borderline,med,TRUE,low,Temperate,borderline,high,TRUE,medium,Requires Wet Soil,borderline; high_model_reliability,high,FALSE,low,Alkaline Soil,low_model_reliability,high,FALSE,high,Requires Fertile Soil,high_model_reliability,"L=high,M=med,R=med",0.0016666666666666668,FALSE,joint_prob_below_threshold
Eleocharis palustris,6.715655373008117,4.055285753166497,6.925244662319927,7.337478393820577,7.323294471019714,MAG,high,TRUE,low,Full Sun,borderline,med,FALSE,medium,Temperate,,high,TRUE,medium,Requires Wet Soil,borderline; high_model_reliability,high,FALSE,low,Alkaline Soil,low_model_reliability,high,FALSE,high,Requires Fertile Soil,high_model_reliability,"L=high,M=med,R=med",0.06766666666666667,FALSE,joint_prob_below_threshold
Eleusine indica,6.347801849794311,3.709483091838184,7.312189481478926,7.4673049574414705,8.70001513893617,MAG,med,TRUE,low,Partial Sun,borderline,med,TRUE,low,Temperate,borderline,high,FALSE,high,Requires Wet Soil,high_model_reliability,high,FALSE,low,Alkaline Soil,low_model_reliability,high,FALSE,high,Requires Fertile Soil,high_model_reliability,"L=high,M=med,R=med",0.030333333333333334,FALSE,joint_prob_below_threshold
Elymus athericus,6.191551499080774,4.755207097010788,5.44777164297743,6.850318982925882,5.993084678972942,MAG,med,TRUE,low,Partial Sun,borderline,med,FALSE,medium,Temperate,,med,FALSE,high,Average Moisture,high_model_reliability,high,TRUE,very_low,Alkaline Soil,borderline; low_model_reliability,med,FALSE,high,Average/Rich Soil,high_model_reliability,"L=high,M=med,R=med",0.138,FALSE,joint_prob_below_threshold
Elymus caninus,5.1770988895811385,4.575521077754263,6.934172998083952,7.6810837789918445,9.965289250355486,MAG,med,FALSE,medium,Partial Sun,,med,FALSE,medium,Temperate,,high,TRUE,medium,Requires Wet Soil,borderline; high_model_reliability,high,FALSE,low,Alkaline Soil,low_model_reliability,high,FALSE,high,Requires Fertile Soil,high_model_reliability,"L=high,M=med,R=med",0.015,FALSE,joint_prob_below_threshold
Elymus repens,5.696872603465646,4.37411161001045,6.690075858927614,7.488937414099505,8.643575154476881,MAG,med,FALSE,medium,Partial Sun,,med,FALSE,medium,Temperate,,high,TRUE,medium,Requires Wet Soil,borderline; high_model_reliability,high,FALSE,low,Alkaline Soil,low_model_reliability,high,FALSE,high,Requires Fertile Soil,high_model_reliability,"L=high,M=med,R=med",0.036,FALSE,joint_prob_below_threshold
Epilobium angustifolium,6.110495784166433,3.5645506328762475,8.520123685127306,7.438225741795566,10.001857034506608,MAG,med,TRUE,low,Partial Sun,borderline,med,TRUE,low,Temperate,borderline,high,FALSE,high,Requires Wet Soil,high_model_reliability,high,FALSE,low,Alkaline Soil,low_model_reliability,high,FALSE,high,Requires Fertile Soil,high_model_reliability,"L=high,M=med,R=med",0.004666666666666667,FALSE,joint_prob_below_threshold
Epilobium brachycarpum,7.038143940266524,3.7695588524694625,6.820567497350394,7.100924505148632,7.533205990757144,MAG,high,FALSE,medium,Full Sun,,med,TRUE,low,Temperate,borderline,high,TRUE,medium,Requires Wet Soil,borderline; high_model_reliability,high,FALSE,low,Alkaline Soil,low_model_reliability,high,FALSE,high,Requires Fertile Soil,high_model_reliability,"L=high,M=med,R=med",0.09633333333333334,FALSE,joint_prob_below_threshold
Epilobium fleischeri,7.594011516597337,3.6267625308200113,6.749693157629542,6.799722573668088,5.7890413411816946,MAG,high,FALSE,medium,Full Sun,,med,TRUE,low,Temperate,borderline,high,TRUE,medium,Requires Wet Soil,borderline; high_model_reliability,high,TRUE,very_low,Alkaline Soil,borderline; low_model_reliability,med,FALSE,high,Average/Rich Soil,high_model_reliability,"L=high,M=med,R=med",0.13433333333333333,FALSE,joint_prob_below_threshold
Epilobium hirsutum,6.008426317201523,3.887522381757643,8.96686467016431,7.650474505142016,10.953362390154773,MAG,med,TRUE,low,Partial Sun,borderline,med,TRUE,low,Temperate,borderline,high,FALSE,high,Requires Wet Soil,high_model_reliability,high,FALSE,low,Alkaline Soil,low_model_reliability,high,FALSE,high,Requires Fertile Soil,high_model_reliability,"L=high,M=med,R=med",0.002,FALSE,joint_prob_below_threshold
Epilobium palustre,7.250515126137497,3.389772472310584,8.515488676773993,7.490851893890943,8.592713879320119,MAG,high,FALSE,medium,Full Sun,,low,TRUE,low,Cool Climate,borderline,high,FALSE,high,Requires Wet Soil,high_model_reliability,high,FALSE,low,Alkaline Soil,low_model_reliability,high,FALSE,high,Requires Fertile Soil,high_model_reliability,"L=high,M=med,R=med",0.009,FALSE,joint_prob_below_threshold
Epilobium parviflorum,6.555604566302453,3.533571410227059,8.518019915140124,7.519917389292408,9.705592944717052,MAG,high,TRUE,low,Full Sun,borderline,med,TRUE,low,Temperate,borderline,high,FALSE,high,Requires Wet Soil,high_model_reliability,high,FALSE,low,Alkaline Soil,low_model_reliability,high,FALSE,high,Requires Fertile Soil,high_model_reliability,"L=high,M=med,R=med",0.006,FALSE,joint_prob_below_threshold
Epipactis atrorubens,6.687714247272148,2.851887750039068,8.900553708151005,7.385940852256107,10.300981703110198,MAG,high,TRUE,low,Full Sun,borderline,low,FALSE,medium,Cool Climate,,high,FALSE,high,Requires Wet Soil,high_model_reliability,high,FALSE,low,Alkaline Soil,low_model_reliability,high,FALSE,high,Requires Fertile Soil,high_model_reliability,"L=high,M=med,R=med",0.004666666666666667,FALSE,joint_prob_below_threshold
Epipactis helleborine,6.776193740280295,2.8069881769588614,10.202754781257202,7.703039843427186,11.770009936054072,MAG,high,TRUE,low,Full Sun,borderline,low,FALSE,medium,Cool Climate,,high,FALSE,high,Requires Wet Soil,high_model_reliability,high,FALSE,low,Alkaline Soil,low_model_reliability,high,FALSE,high,Requires Fertile Soil,high_model_reliability,"L=high,M=med,R=med",0,FALSE,joint_prob_below_threshold
Equisetum arvense,8.23987987788833,2.4281284668277294,8.75794903689389,6.60795668760511,7.255767714299808,MAG,high,FALSE,medium,Full Sun,,low,FALSE,medium,Cool Climate,,high,FALSE,high,Requires Wet Soil,high_model_reliability,high,TRUE,very_low,Alkaline Soil,borderline; low_model_reliability,high,FALSE,high,Requires Fertile Soil,high_model_reliability,"L=high,M=med,R=med",0.010666666666666666,FALSE,joint_prob_below_threshold
Equisetum fluviatile,7.957323465962553,2.809164441793099,9.647762975833436,6.7504532418178025,8.287273545485196,MAG,high,FALSE,medium,Full Sun,,low,FALSE,medium,Cool Climate,,high,FALSE,high,Requires Wet Soil,high_model_reliability,high,TRUE,very_low,Alkaline Soil,borderline; low_model_reliability,high,FALSE,high,Requires Fertile Soil,high_model_reliability,"L=high,M=med,R=med",6.666666666666666e-4,FALSE,joint_prob_below_threshold
Equisetum palustre,8.321728439708721,2.4180010773712706,8.57724441950924,6.531877646004933,7.133308208493583,MAG,high,FALSE,medium,Full Sun,,low,FALSE,medium,Cool Climate,,high,FALSE,high,Requires Wet Soil,high_model_reliability,high,TRUE,very_low,Alkaline Soil,borderline; low_model_reliability,high,FALSE,high,Requires Fertile Soil,high_model_reliability,"L=high,M=med,R=med",0.015,FALSE,joint_prob_below_threshold
Equisetum sylvaticum,7.988184971784949,2.269421533702845,8.773082140986498,6.75286259081745,7.88436608787984,MAG,high,FALSE,medium,Full Sun,,low,FALSE,medium,Cool Climate,,high,FALSE,high,Requires Wet Soil,high_model_reliability,high,TRUE,very_low,Alkaline Soil,borderline; low_model_reliability,high,FALSE,high,Requires Fertile Soil,high_model_reliability,"L=high,M=med,R=med",0.009333333333333334,FALSE,joint_prob_below_threshold
Eragrostis cilianensis,7.3555625744460045,3.2216174943582447,6.35663949845827,6.643948691324673,6.149658826243322,MAG,high,FALSE,medium,Full Sun,,low,TRUE,low,Cool Climate,borderline,med,TRUE,medium,Average Moisture,borderline; high_model_reliability,high,TRUE,very_low,Alkaline Soil,borderline; low_model_reliability,med,TRUE,medium,Average/Rich Soil,borderline; high_model_reliability,"L=high,M=med,R=med",0.19,FALSE,joint_prob_below_threshold
Eragrostis mexicana,6.815191874597261,3.291835790125337,7.012774142981071,7.086340031671129,7.6610297024424225,MAG,high,TRUE,low,Full Sun,borderline,low,TRUE,low,Cool Climate,borderline,high,FALSE,high,Requires Wet Soil,high_model_reliability,high,FALSE,low,Alkaline Soil,low_model_reliability,high,FALSE,high,Requires Fertile Soil,high_model_reliability,"L=high,M=med,R=med",0.07633333333333334,FALSE,joint_prob_below_threshold
Eragrostis minor,7.446038329064971,3.234750938304434,6.8241039449991385,6.900060326110636,6.5725893205310975,MAG,high,FALSE,medium,Full Sun,,low,TRUE,low,Cool Climate,borderline,high,TRUE,medium,Requires Wet Soil,borderline; high_model_reliability,high,TRUE,very_low,Alkaline Soil,borderline; low_model_reliability,high,TRUE,medium,Requires Fertile Soil,borderline; high_model_reliability,"L=high,M=med,R=med",0.115,FALSE,joint_prob_below_threshold
Erica tetralix,8.719974684278192,3.003953892474066,4.740779612245756,5.214423420279339,2.1585603266118483,MAG,high,FALSE,medium,Full Sun,,low,TRUE,low,Cool Climate,borderline,med,FALSE,high,Average Moisture,high_model_reliability,med,FALSE,low,Neutral Soil,low_model_reliability,low,FALSE,high,Poor Soil,high_model_reliability,"L=high,M=med,R=med",0.43933333333333335,FALSE,joint_prob_below_threshold
Erigeron alpinus,7.121252053566032,3.2994669958349845,6.3096424647821445,7.062512917338868,6.456012483295807,MAG,high,FALSE,medium,Full Sun,,low,TRUE,low,Cool Climate,borderline,med,TRUE,medium,Average Moisture,borderline; high_model_reliability,high,FALSE,low,Alkaline Soil,low_model_reliability,med,TRUE,medium,Average/Rich Soil,borderline; high_model_reliability,"L=high,M=med,R=med",0.14166666666666666,FALSE,joint_prob_below_threshold
Erigeron annuus,6.811030323421557,3.456153704078634,8.481402113970681,7.165253868709673,8.69557246112461,MAG,high,TRUE,low,Full Sun,borderline,low,TRUE,low,Cool Climate,borderline,high,FALSE,high,Requires Wet Soil,high_model_reliability,high,FALSE,low,Alkaline Soil,low_model_reliability,high,FALSE,high,Requires Fertile Soil,high_model_reliability,"L=high,M=med,R=med",0.011,FALSE,joint_prob_below_threshold
Erigeron canadensis,6.984673265135916,3.3278906208570933,7.724865242138417,7.094075648467429,8.17064944801309,MAG,high,TRUE,low,Full Sun,borderline,low,TRUE,low,Cool Climate,borderline,high,FALSE,high,Requires Wet Soil,high_model_reliability,high,FALSE,low,Alkaline Soil,low_model_reliability,high,FALSE,high,Requires Fertile Soil,high_model_reliability,"L=high,M=med,R=med",0.037333333333333336,FALSE,joint_prob_below_threshold
Erigeron karvinskianus,7.1403699346226714,3.273386596169802,7.878425107818273,7.1022063987217905,8.202063228879629,MAG,high,FALSE,medium,Full Sun,,low,TRUE,low,Cool Climate,borderline,high,FALSE,high,Requires Wet Soil,high_model_reliability,high,FALSE,low,Alkaline Soil,low_model_reliability,high,FALSE,high,Requires Fertile Soil,high_model_reliability,"L=high,M=med,R=med",0.027,FALSE,joint_prob_below_threshold
Erigeron strigosus,6.5336716051208485,3.694049715365426,6.638172861553564,6.795899974651402,7.287465464284123,MAG,high,TRUE,low,Full Sun,borderline,med,TRUE,low,Temperate,borderline,high,TRUE,medium,Requires Wet Soil,borderline; high_model_reliability,high,TRUE,very_low,Alkaline Soil,borderline; low_model_reliability,high,FALSE,high,Requires Fertile Soil,high_model_reliability,"L=high,M=med,R=med",0.10966666666666666,FALSE,joint_prob_below_threshold
Erigeron uniflorus,7.479486732354796,2.9562666617230713,5.686436041710437,6.920047787186815,5.92992073752462,MAG,high,FALSE,medium,Full Sun,,low,FALSE,medium,Cool Climate,,med,FALSE,high,Average Moisture,high_model_reliability,high,TRUE,very_low,Alkaline Soil,borderline; low_model_reliability,med,FALSE,high,Average/Rich Soil,high_model_reliability,"L=high,M=med,R=med",0.207,FALSE,joint_prob_below_threshold
Eriobotrya japonica,3.5987719310077004,6.784412053240067,5.08528211722672,7.681360370625018,8.89821404133341,MAG,med,TRUE,low,Partial Sun,borderline,high,TRUE,low,Warm Climate,borderline,med,FALSE,high,Average Moisture,high_model_reliability,high,FALSE,low,Alkaline Soil,low_model_reliability,high,FALSE,high,Requires Fertile Soil,high_model_reliability,"L=high,M=med,R=med",0.002,FALSE,joint_prob_below_threshold
Eriophorum angustifolium,6.5587691451269965,3.750794719764552,6.420393253944529,7.105242455404689,6.658150157789948,MAG,high,TRUE,low,Full Sun,borderline,med,TRUE,low,Temperate,borderline,med,TRUE,medium,Average Moisture,borderline; high_model_reliability,high,FALSE,low,Alkaline Soil,low_model_reliability,high,TRUE,medium,Requires Fertile Soil,borderline; high_model_reliability,"L=high,M=med,R=med",0.09933333333333333,FALSE,joint_prob_below_threshold
Eriophorum vaginatum,6.851651289021383,4.14401808363988,6.123097629132015,6.879235705210416,5.752365882736286,MAG,high,TRUE,low,Full Sun,borderline,med,FALSE,medium,Temperate,,med,TRUE,medium,Average Moisture,borderline; high_model_reliability,high,TRUE,very_low,Alkaline Soil,borderline; low_model_reliability,med,FALSE,high,Average/Rich Soil,high_model_reliability,"L=high,M=med,R=med",0.159,FALSE,joint_prob_below_threshold
Erodium cicutarium,6.672336696406271,3.776906802937991,5.629495934537174,7.253251016746419,6.609202911546092,MAG,high,TRUE,low,Full Sun,borderline,med,TRUE,low,Temperate,borderline,med,FALSE,high,Average Moisture,high_model_reliability,high,FALSE,low,Alkaline Soil,low_model_reliability,high,TRUE,medium,Requires Fertile Soil,borderline; high_model_reliability,"L=high,M=med,R=med",0.12966666666666668,FALSE,joint_prob_below_threshold
Erodium glaucophyllum,6.656671095908536,4.20369390549433,6.651298659151116,7.308246105615392,6.965028410178493,MAG,high,TRUE,low,Full Sun,borderline,med,FALSE,medium,Temperate,,high,TRUE,medium,Requires Wet Soil,borderline; high_model_reliability,high,FALSE,low,Alkaline Soil,low_model_reliability,high,TRUE,medium,Requires Fertile Soil,borderline; high_model_reliability,"L=high,M=med,R=med",0.07566666666666666,FALSE,joint_prob_below_threshold
Eruca vesicaria,6.358474316192292,4.068694793837293,7.286854441411667,7.6199427260603905,8.831543766604394,MAG,med,TRUE,low,Partial Sun,borderline,med,FALSE,medium,Temperate,,high,FALSE,high,Requires Wet Soil,high_model_reliability,high,FALSE,low,Alkaline Soil,low_model_reliability,high,FALSE,high,Requires Fertile Soil,high_model_reliability,"L=high,M=med,R=med",0.028,FALSE,joint_prob_below_threshold
Eryngium campestre,5.71095043550601,3.9473665389608494,7.384010846844779,7.8745709287758014,8.70520768270559,MAG,med,FALSE,medium,Partial Sun,,med,TRUE,low,Temperate,borderline,high,FALSE,high,Requires Wet Soil,high_model_reliability,high,FALSE,low,Alkaline Soil,low_model_reliability,high,FALSE,high,Requires Fertile Soil,high_model_reliability,"L=high,M=med,R=med",0.014,FALSE,joint_prob_below_threshold
Erythronium dens-canis,5.612039536109636,4.341418651382228,7.911120944528248,8.289596822246335,10.78504137057466,MAG,med,FALSE,medium,Partial Sun,,med,FALSE,medium,Temperate,,high,FALSE,high,Requires Wet Soil,high_model_reliability,high,FALSE,low,Alkaline Soil,low_model_reliability,high,FALSE,high,Requires Fertile Soil,high_model_reliability,"L=high,M=med,R=med",0.0036666666666666666,FALSE,joint_prob_below_threshold
Eucalyptus camaldulensis,5.042624688818603,5.62891197371612,8.16913540057068,6.834863320144715,10.224413233792072,MAG,med,FALSE,medium,Partial Sun,,med,FALSE,medium,Temperate,,high,FALSE,high,Requires Wet Soil,high_model_reliability,high,TRUE,very_low,Alkaline Soil,borderline; low_model_reliability,high,FALSE,high,Requires Fertile Soil,high_model_reliability,"L=high,M=med,R=med",0.007333333333333333,FALSE,joint_prob_below_threshold
Eucalyptus viminalis,4.997049597971412,5.558153509260162,7.6580619767055715,7.003786484994217,9.742351632875886,MAG,med,FALSE,medium,Partial Sun,,med,FALSE,medium,Temperate,,high,FALSE,high,Requires Wet Soil,high_model_reliability,high,FALSE,low,Alkaline Soil,low_model_reliability,high,FALSE,high,Requires Fertile Soil,high_model_reliability,"L=high,M=med,R=med",0.011,FALSE,joint_prob_below_threshold
Euonymus europaeus,4.3962672380572245,5.62225927158098,5.798636680331411,7.357367147841606,8.828747845218086,MAG,med,FALSE,medium,Partial Sun,,med,FALSE,medium,Temperate,,med,FALSE,high,Average Moisture,high_model_reliability,high,FALSE,low,Alkaline Soil,low_model_reliability,high,FALSE,high,Requires Fertile Soil,high_model_reliability,"L=high,M=med,R=med",0.012333333333333333,FALSE,joint_prob_below_threshold
Eupatorium cannabinum,6.13341412671899,3.879134170562045,7.601221198622815,7.405440686610991,8.848427014689515,MAG,med,TRUE,low,Partial Sun,borderline,med,TRUE,low,Temperate,borderline,high,FALSE,high,Requires Wet Soil,high_model_reliability,high,FALSE,low,Alkaline Soil,low_model_reliability,high,FALSE,high,Requires Fertile Soil,high_model_reliability,"L=high,M=med,R=med",0.02266666666666667,FALSE,joint_prob_below_threshold
Euphorbia amygdaloides,5.974883032720617,4.419636075016391,6.202938210541518,7.396840433891809,7.981490881447536,MAG,med,FALSE,medium,Partial Sun,,med,FALSE,medium,Temperate,,med,TRUE,medium,Average Moisture,borderline; high_model_reliability,high,FALSE,low,Alkaline Soil,low_model_reliability,high,FALSE,high,Requires Fertile Soil,high_model_reliability,"L=high,M=med,R=med",0.06666666666666667,FALSE,joint_prob_below_threshold
Euphorbia cyparissias,6.773810698332303,4.03536478763005,4.547101762418301,6.6474514552667445,5.007268806076354,MAG,high,TRUE,low,Full Sun,borderline,med,FALSE,medium,Temperate,,med,FALSE,high,Average Moisture,high_model_reliability,high,TRUE,very_low,Alkaline Soil,borderline; low_model_reliability,med,FALSE,high,Average/Rich Soil,high_model_reliability,"L=high,M=med,R=med",0.20233333333333334,FALSE,joint_prob_below_threshold
Euphorbia dulcis,5.815915010441984,4.128095008417645,6.54428352168371,7.572433313280497,9.187084728688728,MAG,med,FALSE,medium,Partial Sun,,med,FALSE,medium,Temperate,,high,TRUE,medium,Requires Wet Soil,borderline; high_model_reliability,high,FALSE,low,Alkaline Soil,low_model_reliability,high,FALSE,high,Requires Fertile Soil,high_model_reliability,"L=high,M=med,R=med",0.04033333333333333,FALSE,joint_prob_below_threshold
Euphorbia falcata,6.359189585433009,3.930083789860277,5.665125149649734,7.137543267049955,7.85131173486327,MAG,med,TRUE,low,Partial Sun,borderline,med,TRUE,low,Temperate,borderline,med,FALSE,high,Average Moisture,high_model_reliability,high,FALSE,low,Alkaline Soil,low_model_reliability,high,FALSE,high,Requires Fertile Soil,high_model_reliability,"L=high,M=med,R=med",0.11333333333333333,FALSE,joint_prob_below_threshold
Euphorbia flavicoma,6.86032192664119,3.8485014689171098,5.484173746502352,6.970414876128472,6.127137551482188,MAG,high,TRUE,low,Full Sun,borderline,med,TRUE,low,Temperate,borderline,med,FALSE,high,Average Moisture,high_model_reliability,high,TRUE,very_low,Alkaline Soil,borderline; low_model_reliability,med,TRUE,medium,Average/Rich Soil,borderline; high_model_reliability,"L=high,M=med,R=med",0.18033333333333335,FALSE,joint_prob_below_threshold
Euphorbia helioscopia,6.509103848616017,4.0745593269465905,6.177489741822356,7.391526748561063,7.048654402832124,MAG,high,TRUE,low,Full Sun,borderline,med,FALSE,medium,Temperate,,med,TRUE,medium,Average Moisture,borderline; high_model_reliability,high,FALSE,low,Alkaline Soil,low_model_reliability,high,FALSE,high,Requires Fertile Soil,high_model_reliability,"L=high,M=med,R=med",0.087,FALSE,joint_prob_below_threshold
Euphorbia maculata,7.66372026548159,3.281852545470666,5.892140475386951,6.745250316291864,5.795603465365956,MAG,high,FALSE,medium,Full Sun,,low,TRUE,low,Cool Climate,borderline,med,FALSE,high,Average Moisture,high_model_reliability,high,TRUE,very_low,Alkaline Soil,borderline; low_model_reliability,med,FALSE,high,Average/Rich Soil,high_model_reliability,"L=high,M=med,R=med",0.22266666666666668,FALSE,joint_prob_below_threshold
Euphorbia nutans,6.972731104937988,3.830833421190085,5.443870433786795,6.51553979795155,5.258334774288342,MAG,high,TRUE,low,Full Sun,borderline,med,TRUE,low,Temperate,borderline,med,FALSE,high,Average Moisture,high_model_reliability,high,TRUE,very_low,Alkaline Soil,borderline; low_model_reliability,med,FALSE,high,Average/Rich Soil,high_model_reliability,"L=high,M=med,R=med",0.24866666666666667,FALSE,joint_prob_below_threshold
Euphorbia peplus,7.1003664358467375,3.7742048369754624,6.376339913399214,7.103845815448584,6.718301100735449,MAG,high,FALSE,medium,Full Sun,,med,TRUE,low,Temperate,borderline,med,TRUE,medium,Average Moisture,borderline; high_model_reliability,high,FALSE,low,Alkaline Soil,low_model_reliability,high,TRUE,medium,Requires Fertile Soil,borderline; high_model_reliability,"L=high,M=med,R=med",0.12966666666666668,FALSE,joint_prob_below_threshold
Euphorbia variabilis,6.312864503124583,4.344087483655715,5.88215654337878,7.28142153667223,7.033675696424864,MAG,med,TRUE,low,Partial Sun,borderline,med,FALSE,medium,Temperate,,med,FALSE,high,Average Moisture,high_model_reliability,high,FALSE,low,Alkaline Soil,low_model_reliability,high,FALSE,high,Requires Fertile Soil,high_model_reliability,"L=high,M=med,R=med",0.099,FALSE,joint_prob_below_threshold
Euphrasia frigida,7.292780388942057,2.75720557207367,3.7109445707703825,6.342871787603468,4.186177368214962,MAG,high,FALSE,medium,Full Sun,,low,FALSE,medium,Cool Climate,,med,TRUE,medium,Average Moisture,borderline; high_model_reliability,med,TRUE,very_low,Neutral Soil,borderline; low_model_reliability,med,FALSE,high,Average/Rich Soil,high_model_reliability,"L=high,M=med,R=med",0.191,FALSE,joint_prob_below_threshold
Euphrasia minima,7.670551218253668,3.272586603438816,5.974094719565892,6.805184375950853,5.746519183764051,MAG,high,FALSE,medium,Full Sun,,low,TRUE,low,Cool Climate,borderline,med,FALSE,high,Average Moisture,high_model_reliability,high,TRUE,very_low,Alkaline Soil,borderline; low_model_reliability,med,FALSE,high,Average/Rich Soil,high_model_reliability,"L=high,M=med,R=med",0.21066666666666667,FALSE,joint_prob_below_threshold
Euthamia graminifolia,6.755410270727243,3.618706880472881,7.674508789804124,6.961557327805938,7.979880324339337,MAG,high,TRUE,low,Full Sun,borderline,med,TRUE,low,Temperate,borderline,high,FALSE,high,Requires Wet Soil,high_model_reliability,high,TRUE,very_low,Alkaline Soil,borderline; low_model_reliability,high,FALSE,high,Requires Fertile Soil,high_model_reliability,"L=high,M=med,R=med",0.03866666666666667,FALSE,joint_prob_below_threshold
Fagus sylvatica,3.379884993601599,6.843987497856958,6.767401427819042,7.624281818224029,11.005579081144637,MAG,low,TRUE,low,Deep/Partial Shade,borderline,high,TRUE,low,Warm Climate,borderline,high,TRUE,medium,Requires Wet Soil,borderline; high_model_reliability,high,FALSE,low,Alkaline Soil,low_model_reliability,high,FALSE,high,Requires Fertile Soil,high_model_reliability,"L=high,M=med,R=med",0.001,FALSE,joint_prob_below_threshold
Fallopia convolvulus,5.844051474624655,4.676287699514477,7.2635751036125535,7.736222541050968,9.01282480582088,MAG,med,FALSE,medium,Partial Sun,,med,FALSE,medium,Temperate,,high,FALSE,high,Requires Wet Soil,high_model_reliability,high,FALSE,low,Alkaline Soil,low_model_reliability,high,FALSE,high,Requires Fertile Soil,high_model_reliability,"L=high,M=med,R=med",0.018,FALSE,joint_prob_below_threshold
Festuca altissima,5.699476560859425,4.1603169874039745,8.033654214853648,7.730248653266571,10.04068800520846,MAG,med,FALSE,medium,Partial Sun,,med,FALSE,medium,Temperate,,high,FALSE,high,Requires Wet Soil,high_model_reliability,high,FALSE,low,Alkaline Soil,low_model_reliability,high,FALSE,high,Requires Fertile Soil,high_model_reliability,"L=high,M=med,R=med",0.007333333333333333,FALSE,joint_prob_below_threshold
Festuca filiformis,7.1954273582285335,3.8784322424020408,7.271283287517002,7.210621020249972,6.674407995665553,MAG,high,FALSE,medium,Full Sun,,med,TRUE,low,Temperate,borderline,high,FALSE,high,Requires Wet Soil,high_model_reliability,high,FALSE,low,Alkaline Soil,low_model_reliability,high,TRUE,medium,Requires Fertile Soil,borderline; high_model_reliability,"L=high,M=med,R=med",0.058,FALSE,joint_prob_below_threshold
Festuca halleri,7.701842108771306,3.814899401863801,3.802322405094108,6.157839596126639,2.499146818171575,MAG,high,FALSE,medium,Full Sun,,med,TRUE,low,Temperate,borderline,med,TRUE,medium,Average Moisture,borderline; high_model_reliability,med,TRUE,very_low,Neutral Soil,borderline; low_model_reliability,low,FALSE,high,Poor Soil,high_model_reliability,"L=high,M=med,R=med",0.249,FALSE,joint_prob_below_threshold
Festuca heterophylla,6.098924542473841,4.329949515529423,7.167465468279335,7.509029766308741,8.985884448729056,MAG,med,TRUE,low,Partial Sun,borderline,med,FALSE,medium,Temperate,,high,FALSE,high,Requires Wet Soil,high_model_reliability,high,FALSE,low,Alkaline Soil,low_model_reliability,high,FALSE,high,Requires Fertile Soil,high_model_reliability,"L=high,M=med,R=med",0.032,FALSE,joint_prob_below_threshold
Festuca nigrescens,6.878079736804988,4.017181457470501,5.134844434969375,6.5532125710553855,5.0470587813985315,MAG,high,TRUE,low,Full Sun,borderline,med,FALSE,medium,Temperate,,med,FALSE,high,Average Moisture,high_model_reliability,high,TRUE,very_low,Alkaline Soil,borderline; low_model_reliability,med,FALSE,high,Average/Rich Soil,high_model_reliability,"L=high,M=med,R=med",0.23766666666666666,FALSE,joint_prob_below_threshold
Festuca ovina,7.333086930231406,3.738650763713531,4.635338995708494,6.197940256120427,3.9310042786342656,MAG,high,FALSE,medium,Full Sun,,med,TRUE,low,Temperate,borderline,med,FALSE,high,Average Moisture,high_model_reliability,med,TRUE,very_low,Neutral Soil,borderline; low_model_reliability,med,TRUE,medium,Average/Rich Soil,borderline; high_model_reliability,"L=high,M=med,R=med",0.30633333333333335,FALSE,joint_prob_below_threshold
Festuca rubra,6.6572232409474426,4.033746067288301,6.223306006960484,7.020248511444228,6.475977945163612,MAG,high,TRUE,low,Full Sun,borderline,med,FALSE,medium,Temperate,,med,TRUE,medium,Average Moisture,borderline; high_model_reliability,high,FALSE,low,Alkaline Soil,low_model_reliability,med,TRUE,medium,Average/Rich Soil,borderline; high_model_reliability,"L=high,M=med,R=med",0.12233333333333334,FALSE,joint_prob_below_threshold
Festuca varia,6.849140039494663,4.059255463887956,5.342846055584318,6.699046344489891,4.914606859490432,MAG,high,TRUE,low,Full Sun,borderline,med,FALSE,medium,Temperate,,med,FALSE,high,Average Moisture,high_model_reliability,high,TRUE,very_low,Alkaline Soil,borderline; low_model_reliability,med,FALSE,high,Average/Rich Soil,high_model_reliability,"L=high,M=med,R=med",0.217,FALSE,joint_prob_below_threshold
Filipendula ulmaria,5.629346940190238,4.171676977440257,7.551218407973181,7.568185163415884,9.69184462951364,MAG,med,FALSE,medium,Partial Sun,,med,FALSE,medium,Temperate,,high,FALSE,high,Requires Wet Soil,high_model_reliability,high,FALSE,low,Alkaline Soil,low_model_reliability,high,FALSE,high,Requires Fertile Soil,high_model_reliability,"L=high,M=med,R=med",0.01633333333333333,FALSE,joint_prob_below_threshold
Filipendula vulgaris,6.635309473248713,4.001588799508818,5.4633765321147205,6.6643807200517635,5.78781984044293,MAG,high,TRUE,low,Full Sun,borderline,med,FALSE,medium,Temperate,,med,FALSE,high,Average Moisture,high_model_reliability,high,TRUE,very_low,Alkaline Soil,borderline; low_model_reliability,med,FALSE,high,Average/Rich Soil,high_model_reliability,"L=high,M=med,R=med",0.19333333333333333,FALSE,joint_prob_below_threshold
Fragaria vesca,6.721163075633942,3.280950934899997,6.103351863927952,7.134904406057876,6.53083669492476,MAG,high,TRUE,low,Full Sun,borderline,low,TRUE,low,Cool Climate,borderline,med,TRUE,medium,Average Moisture,borderline; high_model_reliability,high,FALSE,low,Alkaline Soil,low_model_reliability,high,TRUE,medium,Requires Fertile Soil,borderline; high_model_reliability,"L=high,M=med,R=med",0.123,FALSE,joint_prob_below_threshold
Fragaria virginiana,6.706058565119022,3.3238995217001444,5.3426651081846375,6.901670146714548,5.502131365998602,MAG,high,TRUE,low,Full Sun,borderline,low,TRUE,low,Cool Climate,borderline,med,FALSE,high,Average Moisture,high_model_reliability,high,TRUE,very_low,Alkaline Soil,borderline; low_model_reliability,med,FALSE,high,Average/Rich Soil,high_model_reliability,"L=high,M=med,R=med",0.17466666666666666,FALSE,joint_prob_below_threshold
Fragaria viridis,7.012679471066511,3.337401644913501,5.695090232056814,7.040847899802336,5.619948611657887,MAG,high,FALSE,medium,Full Sun,,low,TRUE,low,Cool Climate,borderline,med,FALSE,high,Average Moisture,high_model_reliability,high,FALSE,low,Alkaline Soil,low_model_reliability,med,FALSE,high,Average/Rich Soil,high_model_reliability,"L=high,M=med,R=med",0.17,FALSE,joint_prob_below_threshold
Frangula alnus,4.435391531712559,5.45463560071542,6.775446125771932,7.6250887497840445,10.144024843236588,MAG,med,FALSE,medium,Partial Sun,,med,FALSE,medium,Temperate,,high,TRUE,medium,Requires Wet Soil,borderline; high_model_reliability,high,FALSE,low,Alkaline Soil,low_model_reliability,high,FALSE,high,Requires Fertile Soil,high_model_reliability,"L=high,M=med,R=med",0.007333333333333333,FALSE,joint_prob_below_threshold
Fraxinus angustifolia,3.9468133462195887,6.297304341341502,6.953120472756134,7.648023673586124,10.640756461566678,MAG,med,TRUE,low,Partial Sun,borderline,med,TRUE,low,Temperate,borderline,high,TRUE,medium,Requires Wet Soil,borderline; high_model_reliability,high,FALSE,low,Alkaline Soil,low_model_reliability,high,FALSE,high,Requires Fertile Soil,high_model_reliability,"L=high,M=med,R=med",0.0033333333333333335,FALSE,joint_prob_below_threshold
Fraxinus excelsior,3.829788387111535,6.44188310110362,6.8794678726434135,7.451904317534547,10.54416815348326,MAG,med,TRUE,low,Partial Sun,borderline,med,TRUE,low,Temperate,borderline,high,TRUE,medium,Requires Wet Soil,borderline; high_model_reliability,high,FALSE,low,Alkaline Soil,low_model_reliability,high,FALSE,high,Requires Fertile Soil,high_model_reliability,"L=high,M=med,R=med",0.003,FALSE,joint_prob_below_threshold
Fraxinus mandshurica,3.3066326300422193,6.504971680210499,7.935190539590143,7.972857546601463,12.334744155092332,MAG,low,TRUE,low,Deep/Partial Shade,borderline,high,TRUE,low,Warm Climate,borderline,high,FALSE,high,Requires Wet Soil,high_model_reliability,high,FALSE,low,Alkaline Soil,low_model_reliability,high,FALSE,high,Requires Fertile Soil,high_model_reliability,"L=high,M=med,R=med",0,FALSE,joint_prob_below_threshold
Fraxinus pennsylvanica,3.859426621366613,6.330304420797096,7.560914029977891,7.64137476681479,11.168683137670664,MAG,med,TRUE,low,Partial Sun,borderline,med,TRUE,low,Temperate,borderline,high,FALSE,high,Requires Wet Soil,high_model_reliability,high,FALSE,low,Alkaline Soil,low_model_reliability,high,FALSE,high,Requires Fertile Soil,high_model_reliability,"L=high,M=med,R=med",6.666666666666666e-4,FALSE,joint_prob_below_threshold
Fumana thymifolia,7.912492324283402,4.377053760190072,4.413718799109388,6.066416536303696,2.6634643730069723,MAG,high,FALSE,medium,Full Sun,,med,FALSE,medium,Temperate,,med,FALSE,high,Average Moisture,high_model_reliability,med,TRUE,very_low,Neutral Soil,borderline; low_model_reliability,low,FALSE,high,Poor Soil,high_model_reliability,"L=high,M=med,R=med",0.35033333333333333,FALSE,joint_prob_below_threshold
Fumaria officinalis,5.859597863083271,4.208301667049395,6.704642825581852,7.762367654788323,9.953023767804956,MAG,med,FALSE,medium,Partial Sun,,med,FALSE,medium,Temperate,,high,TRUE,medium,Requires Wet Soil,borderline; high_model_reliability,high,FALSE,low,Alkaline Soil,low_model_reliability,high,FALSE,high,Requires Fertile Soil,high_model_reliability,"L=high,M=med,R=med",0.03166666666666667,FALSE,joint_prob_below_threshold
Gagea serotina,7.508645394348358,3.525506378508978,6.538544155545722,7.298722702855088,5.746890144685681,MAG,high,FALSE,medium,Full Sun,,med,TRUE,low,Temperate,borderline,high,TRUE,medium,Requires Wet Soil,borderline; high_model_reliability,high,FALSE,low,Alkaline Soil,low_model_reliability,med,FALSE,high,Average/Rich Soil,high_model_reliability,"L=high,M=med,R=med",0.10633333333333334,FALSE,joint_prob_below_threshold
Galatella linosyris,7.006253619833815,4.105030205835082,5.822542538026805,6.970802556669996,5.8730154906153125,MAG,high,FALSE,medium,Full Sun,,med,FALSE,medium,Temperate,,med,FALSE,high,Average Moisture,high_model_reliability,high,TRUE,very_low,Alkaline Soil,borderline; low_model_reliability,med,FALSE,high,Average/Rich Soil,high_model_reliability,"L=high,M=med,R=med",0.17433333333333334,FALSE,joint_prob_below_threshold
Galeopsis segetum,5.733348367075872,3.9352578128042905,7.474734258717145,7.936173216695979,10.588847760654966,MAG,med,FALSE,medium,Partial Sun,,med,TRUE,low,Temperate,borderline,high,FALSE,high,Requires Wet Soil,high_model_reliability,high,FALSE,low,Alkaline Soil,low_model_reliability,high,FALSE,high,Requires Fertile Soil,high_model_reliability,"L=high,M=med,R=med",0.012333333333333333,FALSE,joint_prob_below_threshold
Galeopsis speciosa,5.126984966732238,4.47506069084752,7.388059985299312,8.008939070442233,10.599429299996574,MAG,med,FALSE,medium,Partial Sun,,med,FALSE,medium,Temperate,,high,FALSE,high,Requires Wet Soil,high_model_reliability,high,FALSE,low,Alkaline Soil,low_model_reliability,high,FALSE,high,Requires Fertile Soil,high_model_reliability,"L=high,M=med,R=med",0.006333333333333333,FALSE,joint_prob_below_threshold
Galeopsis tetrahit,5.689019825418759,4.437021660272298,7.2542478108936255,7.962602263664166,9.912016534608233,MAG,med,FALSE,medium,Partial Sun,,med,FALSE,medium,Temperate,,high,FALSE,high,Requires Wet Soil,high_model_reliability,high,FALSE,low,Alkaline Soil,low_model_reliability,high,FALSE,high,Requires Fertile Soil,high_model_reliability,"L=high,M=med,R=med",0.014333333333333333,FALSE,joint_prob_below_threshold
Galinsoga quadriradiata,6.226607052686237,3.812584829031475,8.402136639368893,7.733639083907994,10.518300896885584,MAG,med,TRUE,low,Partial Sun,borderline,med,TRUE,low,Temperate,borderline,high,FALSE,high,Requires Wet Soil,high_model_reliability,high,FALSE,low,Alkaline Soil,low_model_reliability,high,FALSE,high,Requires Fertile Soil,high_model_reliability,"L=high,M=med,R=med",0.004,FALSE,joint_prob_below_threshold
Galium aparine,6.057158719720986,4.699473169867699,6.5216589283738,7.651753122559314,8.490564878399391,MAG,med,TRUE,low,Partial Sun,borderline,med,FALSE,medium,Temperate,,high,TRUE,medium,Requires Wet Soil,borderline; high_model_reliability,high,FALSE,low,Alkaline Soil,low_model_reliability,high,FALSE,high,Requires Fertile Soil,high_model_reliability,"L=high,M=med,R=med",0.045,FALSE,joint_prob_below_threshold
Galium boreale,6.813885811142621,4.030408883593241,5.793159480566499,6.7597269440092305,6.093006417415722,MAG,high,TRUE,low,Full Sun,borderline,med,FALSE,medium,Temperate,,med,FALSE,high,Average Moisture,high_model_reliability,high,TRUE,very_low,Alkaline Soil,borderline; low_model_reliability,med,TRUE,medium,Average/Rich Soil,borderline; high_model_reliability,"L=high,M=med,R=med",0.188,FALSE,joint_prob_below_threshold
Galium lucidum,6.82332466359548,4.147703511539219,6.521908517346958,7.098866291633203,7.427826683953405,MAG,high,TRUE,low,Full Sun,borderline,med,FALSE,medium,Temperate,,high,TRUE,medium,Requires Wet Soil,borderline; high_model_reliability,high,FALSE,low,Alkaline Soil,low_model_reliability,high,FALSE,high,Requires Fertile Soil,high_model_reliability,"L=high,M=med,R=med",0.10866666666666666,FALSE,joint_prob_below_threshold
Galium lucidum subsp. corrudifolium,7.885484699380328,3.885874750118264,5.205154062519078,6.548492820574908,4.075435359245604,MAG,high,FALSE,medium,Full Sun,,med,TRUE,low,Temperate,borderline,med,FALSE,high,Average Moisture,high_model_reliability,high,TRUE,very_low,Alkaline Soil,borderline; low_model_reliability,med,FALSE,high,Average/Rich Soil,high_model_reliability,"L=high,M=med,R=med",0.30333333333333334,FALSE,joint_prob_below_threshold
Galium mollugo,6.541872128988953,3.961700437584744,7.044037041444985,7.374635071826059,8.403351416055886,MAG,high,TRUE,low,Full Sun,borderline,med,TRUE,low,Temperate,borderline,high,FALSE,high,Requires Wet Soil,high_model_reliability,high,FALSE,low,Alkaline Soil,low_model_reliability,high,FALSE,high,Requires Fertile Soil,high_model_reliability,"L=high,M=med,R=med",0.052333333333333336,FALSE,joint_prob_below_threshold
Galium odoratum,6.240801788544357,4.5213394221986,6.835688988872399,7.8017298006191025,8.679303013757965,MAG,med,TRUE,low,Partial Sun,borderline,med,FALSE,medium,Temperate,,high,TRUE,medium,Requires Wet Soil,borderline; high_model_reliability,high,FALSE,low,Alkaline Soil,low_model_reliability,high,FALSE,high,Requires Fertile Soil,high_model_reliability,"L=high,M=med,R=med",0.037,FALSE,joint_prob_below_threshold
Galium saxatile,7.380359494898092,3.675734782621888,5.717080630103436,6.890205494754742,5.785580984917806,MAG,high,FALSE,medium,Full Sun,,med,TRUE,low,Temperate,borderline,med,FALSE,high,Average Moisture,high_model_reliability,high,TRUE,very_low,Alkaline Soil,borderline; low_model_reliability,med,FALSE,high,Average/Rich Soil,high_model_reliability,"L=high,M=med,R=med",0.20533333333333334,FALSE,joint_prob_below_threshold
Galium sylvaticum,6.008549478942803,4.336034314115932,7.343900262128184,7.579585225808923,9.847733267381557,MAG,med,TRUE,low,Partial Sun,borderline,med,FALSE,medium,Temperate,,high,FALSE,high,Requires Wet Soil,high_model_reliability,high,FALSE,low,Alkaline Soil,low_model_reliability,high,FALSE,high,Requires Fertile Soil,high_model_reliability,"L=high,M=med,R=med",0.024,FALSE,joint_prob_below_threshold
Galium uliginosum,7.528836803458489,3.451429122459142,6.611145321856064,6.697490136534445,6.134720768690026,MAG,high,FALSE,medium,Full Sun,,low,TRUE,low,Cool Climate,borderline,high,TRUE,medium,Requires Wet Soil,borderline; high_model_reliability,high,TRUE,very_low,Alkaline Soil,borderline; low_model_reliability,med,TRUE,medium,Average/Rich Soil,borderline; high_model_reliability,"L=high,M=med,R=med",0.16166666666666665,FALSE,joint_prob_below_threshold
Galium verum,7.25043127983185,3.9059610651399943,5.122338997144508,6.35476819385282,4.784836527724293,MAG,high,FALSE,medium,Full Sun,,med,TRUE,low,Temperate,borderline,med,FALSE,high,Average Moisture,high_model_reliability,med,TRUE,very_low,Neutral Soil,borderline; low_model_reliability,med,FALSE,high,Average/Rich Soil,high_model_reliability,"L=high,M=med,R=med",0.29533333333333334,FALSE,joint_prob_below_threshold
Genista hispanica,6.774351049606404,4.2943821944027585,4.126319296853723,6.425801748467478,4.5642183321773295,MAG,high,TRUE,low,Full Sun,borderline,med,FALSE,medium,Temperate,,med,FALSE,high,Average Moisture,high_model_reliability,med,TRUE,very_low,Neutral Soil,borderline; low_model_reliability,med,FALSE,high,Average/Rich Soil,high_model_reliability,"L=high,M=med,R=med",0.18433333333333332,FALSE,joint_prob_below_threshold
Genista tinctoria,6.186979017227916,4.543331998830263,6.26045166335809,7.35972999527112,7.896109764976146,MAG,med,TRUE,low,Partial Sun,borderline,med,FALSE,medium,Temperate,,med,TRUE,medium,Average Moisture,borderline; high_model_reliability,high,FALSE,low,Alkaline Soil,low_model_reliability,high,FALSE,high,Requires Fertile Soil,high_model_reliability,"L=high,M=med,R=med",0.07666666666666666,FALSE,joint_prob_below_threshold
Gentiana acaulis,7.412570680565695,3.23843769649118,5.324527293552531,6.867413749696181,4.556350298278829,MAG,high,FALSE,medium,Full Sun,,low,TRUE,low,Cool Climate,borderline,med,FALSE,high,Average Moisture,high_model_reliability,high,TRUE,very_low,Alkaline Soil,borderline; low_model_reliability,med,FALSE,high,Average/Rich Soil,high_model_reliability,"L=high,M=med,R=med",0.228,FALSE,joint_prob_below_threshold
Gentiana asclepiadea,6.270565503010987,3.527541639173122,7.779690613644442,7.331601389166957,9.726685768843463,MAG,med,TRUE,low,Partial Sun,borderline,med,TRUE,low,Temperate,borderline,high,FALSE,high,Requires Wet Soil,high_model_reliability,high,FALSE,low,Alkaline Soil,low_model_reliability,high,FALSE,high,Requires Fertile Soil,high_model_reliability,"L=high,M=med,R=med",0.018666666666666668,FALSE,joint_prob_below_threshold
Gentiana clusii,7.331286007201095,3.225311781645399,5.674171117520779,7.054682634938506,4.794443252853081,MAG,high,FALSE,medium,Full Sun,,low,TRUE,low,Cool Climate,borderline,med,FALSE,high,Average Moisture,high_model_reliability,high,FALSE,low,Alkaline Soil,low_model_reliability,med,FALSE,high,Average/Rich Soil,high_model_reliability,"L=high,M=med,R=med",0.18,FALSE,joint_prob_below_threshold
Gentiana lutea,5.150419938424195,4.251085635176262,8.68853782410978,8.243371931044075,11.215965627349526,MAG,med,FALSE,medium,Partial Sun,,med,FALSE,medium,Temperate,,high,FALSE,high,Requires Wet Soil,high_model_reliability,high,FALSE,low,Alkaline Soil,low_model_reliability,high,FALSE,high,Requires Fertile Soil,high_model_reliability,"L=high,M=med,R=med",0.001,FALSE,joint_prob_below_threshold
Gentiana punctata,6.19929638434572,3.9419073290654656,7.8070398214352,7.746706472091989,8.628418104732706,MAG,med,TRUE,low,Partial Sun,borderline,med,TRUE,low,Temperate,borderline,high,FALSE,high,Requires Wet Soil,high_model_reliability,high,FALSE,low,Alkaline Soil,low_model_reliability,high,FALSE,high,Requires Fertile Soil,high_model_reliability,"L=high,M=med,R=med",0.011333333333333334,FALSE,joint_prob_below_threshold
Gentiana purpurea,5.868926727261196,3.813129235471823,7.674240801642568,7.69620469175395,9.679836188236216,MAG,med,FALSE,medium,Partial Sun,,med,TRUE,low,Temperate,borderline,high,FALSE,high,Requires Wet Soil,high_model_reliability,high,FALSE,low,Alkaline Soil,low_model_reliability,high,FALSE,high,Requires Fertile Soil,high_model_reliability,"L=high,M=med,R=med",0.015,FALSE,joint_prob_below_threshold
Gentiana verna,7.991669048486752,2.7925088840971775,5.784261594373184,6.636232774301872,4.461987714331203,MAG,high,FALSE,medium,Full Sun,,low,FALSE,medium,Cool Climate,,med,FALSE,high,Average Moisture,high_model_reliability,high,TRUE,very_low,Alkaline Soil,borderline; low_model_reliability,med,FALSE,high,Average/Rich Soil,high_model_reliability,"L=high,M=med,R=med",0.26033333333333336,FALSE,joint_prob_below_threshold
Gentianella amarella,6.44887212783936,3.200607708891011,7.515594309554473,7.540594566773215,8.506255108135173,MAG,med,TRUE,low,Partial Sun,borderline,low,TRUE,low,Cool Climate,borderline,high,FALSE,high,Requires Wet Soil,high_model_reliability,high,FALSE,low,Alkaline Soil,low_model_reliability,high,FALSE,high,Requires Fertile Soil,high_model_reliability,"L=high,M=med,R=med",0.026,FALSE,joint_prob_below_threshold
Gentianella campestris,7.681434973557487,3.4316489235122467,6.689408561410012,7.035909382745699,6.531219651629729,MAG,high,FALSE,medium,Full Sun,,low,TRUE,low,Cool Climate,borderline,high,TRUE,medium,Requires Wet Soil,borderline; high_model_reliability,high,FALSE,low,Alkaline Soil,low_model_reliability,high,TRUE,medium,Requires Fertile Soil,borderline; high_model_reliability,"L=high,M=med,R=med",0.118,FALSE,joint_prob_below_threshold
Geranium molle,6.529063670764844,3.8738219332270543,6.50727900807116,7.412671562119455,7.625872167194699,MAG,high,TRUE,low,Full Sun,borderline,med,TRUE,low,Temperate,borderline,high,TRUE,medium,Requires Wet Soil,borderline; high_model_reliability,high,FALSE,low,Alkaline Soil,low_model_reliability,high,FALSE,high,Requires Fertile Soil,high_model_reliability,"L=high,M=med,R=med",0.07366666666666667,FALSE,joint_prob_below_threshold
Geranium nodosum,5.372089461648031,4.237682800363899,6.932032097779576,8.088376874968334,9.402134603042336,MAG,med,FALSE,medium,Partial Sun,,med,FALSE,medium,Temperate,,high,TRUE,medium,Requires Wet Soil,borderline; high_model_reliability,high,FALSE,low,Alkaline Soil,low_model_reliability,high,FALSE,high,Requires Fertile Soil,high_model_reliability,"L=high,M=med,R=med",0.013,FALSE,joint_prob_below_threshold
Geranium pratense,4.917298423086106,4.492994567746527,7.159109316092945,8.167067577567686,10.442478214648736,MAG,med,FALSE,medium,Partial Sun,,med,FALSE,medium,Temperate,,high,FALSE,high,Requires Wet Soil,high_model_reliability,high,FALSE,low,Alkaline Soil,low_model_reliability,high,FALSE,high,Requires Fertile Soil,high_model_reliability,"L=high,M=med,R=med",0.005666666666666667,FALSE,joint_prob_below_threshold
Geranium robertianum,6.0478353374168305,3.9777168798112936,7.113536780323034,7.683250872258084,8.958997196435373,MAG,med,TRUE,low,Partial Sun,borderline,med,TRUE,low,Temperate,borderline,high,FALSE,high,Requires Wet Soil,high_model_reliability,high,FALSE,low,Alkaline Soil,low_model_reliability,high,FALSE,high,Requires Fertile Soil,high_model_reliability,"L=high,M=med,R=med",0.028666666666666667,FALSE,joint_prob_below_threshold
Geranium rotundifolium,6.1652490305964065,3.942572131294013,6.347683567342081,7.515684551260677,7.762164422811546,MAG,med,TRUE,low,Partial Sun,borderline,med,TRUE,low,Temperate,borderline,med,TRUE,medium,Average Moisture,borderline; high_model_reliability,high,FALSE,low,Alkaline Soil,low_model_reliability,high,FALSE,high,Requires Fertile Soil,high_model_reliability,"L=high,M=med,R=med",0.061,FALSE,joint_prob_below_threshold
Geranium sanguineum,5.746279971774112,4.407868666341948,5.2981677093279895,7.335395887997176,6.874201639286634,MAG,med,FALSE,medium,Partial Sun,,med,FALSE,medium,Temperate,,med,FALSE,high,Average Moisture,high_model_reliability,high,FALSE,low,Alkaline Soil,low_model_reliability,high,TRUE,medium,Requires Fertile Soil,borderline; high_model_reliability,"L=high,M=med,R=med",0.06766666666666667,FALSE,joint_prob_below_threshold
Geranium sylvaticum,5.6176305835610645,4.364349601093158,6.440345931578312,7.763692849066233,8.62168224233294,MAG,med,FALSE,medium,Partial Sun,,med,FALSE,medium,Temperate,,med,TRUE,medium,Average Moisture,borderline; high_model_reliability,high,FALSE,low,Alkaline Soil,low_model_reliability,high,FALSE,high,Requires Fertile Soil,high_model_reliability,"L=high,M=med,R=med",0.029666666666666668,FALSE,joint_prob_below_threshold
Geum montanum,6.504607445345041,3.823967970472012,5.701599695156144,7.255481730007096,6.407382483448288,MAG,high,TRUE,low,Full Sun,borderline,med,TRUE,low,Temperate,borderline,med,FALSE,high,Average Moisture,high_model_reliability,high,FALSE,low,Alkaline Soil,low_model_reliability,med,TRUE,medium,Average/Rich Soil,borderline; high_model_reliability,"L=high,M=med,R=med",0.11533333333333333,FALSE,joint_prob_below_threshold
Geum reptans,6.9326440268539145,3.3949427588310295,5.337876013771461,7.076396604733594,5.445463655132181,MAG,high,TRUE,low,Full Sun,borderline,low,TRUE,low,Cool Climate,borderline,med,FALSE,high,Average Moisture,high_model_reliability,high,FALSE,low,Alkaline Soil,low_model_reliability,med,FALSE,high,Average/Rich Soil,high_model_reliability,"L=high,M=med,R=med",0.176,FALSE,joint_prob_below_threshold
Geum rivale,5.434345693861628,4.010865886004785,7.670216968286811,7.873869420741374,10.090713168925344,MAG,med,FALSE,medium,Partial Sun,,med,FALSE,medium,Temperate,,high,FALSE,high,Requires Wet Soil,high_model_reliability,high,FALSE,low,Alkaline Soil,low_model_reliability,high,FALSE,high,Requires Fertile Soil,high_model_reliability,"L=high,M=med,R=med",0.008,FALSE,joint_prob_below_threshold
Geum urbanum,5.715893269632759,4.131070444643555,6.885057631453545,7.555811610338793,8.492623472069695,MAG,med,FALSE,medium,Partial Sun,,med,FALSE,medium,Temperate,,high,TRUE,medium,Requires Wet Soil,borderline; high_model_reliability,high,FALSE,low,Alkaline Soil,low_model_reliability,high,FALSE,high,Requires Fertile Soil,high_model_reliability,"L=high,M=med,R=med",0.034,FALSE,joint_prob_below_threshold
Gladiolus palustris,5.886597592091844,4.25953429962337,7.123279351742628,7.723147260489054,8.748141668669083,MAG,med,FALSE,medium,Partial Sun,,med,FALSE,medium,Temperate,,high,FALSE,high,Requires Wet Soil,high_model_reliability,high,FALSE,low,Alkaline Soil,low_model_reliability,high,FALSE,high,Requires Fertile Soil,high_model_reliability,"L=high,M=med,R=med",0.025,FALSE,joint_prob_below_threshold
Glechoma hederacea,6.404425157267069,3.7263624139114024,7.394914410206179,7.70702842543102,9.310466352773094,MAG,med,TRUE,low,Partial Sun,borderline,med,TRUE,low,Temperate,borderline,high,FALSE,high,Requires Wet Soil,high_model_reliability,high,FALSE,low,Alkaline Soil,low_model_reliability,high,FALSE,high,Requires Fertile Soil,high_model_reliability,"L=high,M=med,R=med",0.023,FALSE,joint_prob_below_threshold
Gleditsia triacanthos,2.842876430533551,6.600926514915523,7.185083219410706,7.9624831382383725,12.130727673984955,MAG,low,FALSE,medium,Deep/Partial Shade,,high,TRUE,low,Warm Climate,borderline,high,FALSE,high,Requires Wet Soil,high_model_reliability,high,FALSE,low,Alkaline Soil,low_model_reliability,high,FALSE,high,Requires Fertile Soil,high_model_reliability,"L=high,M=med,R=med",3.333333333333333e-4,FALSE,joint_prob_below_threshold
Globularia cordifolia,8.182299119915013,3.339446232471931,4.204687520058554,6.349972673852518,2.000097261771587,MAG,high,FALSE,medium,Full Sun,,low,TRUE,low,Cool Climate,borderline,med,FALSE,high,Average Moisture,high_model_reliability,med,TRUE,very_low,Neutral Soil,borderline; low_model_reliability,low,FALSE,high,Poor Soil,high_model_reliability,"L=high,M=med,R=med",0.30233333333333334,FALSE,joint_prob_below_threshold
Globularia nudicaulis,6.892797020135068,3.522417986575076,5.924432762331213,7.187458007300116,5.884477001064652,MAG,high,TRUE,low,Full Sun,borderline,med,TRUE,low,Temperate,borderline,med,FALSE,high,Average Moisture,high_model_reliability,high,FALSE,low,Alkaline Soil,low_model_reliability,med,FALSE,high,Average/Rich Soil,high_model_reliability,"L=high,M=med,R=med",0.14166666666666666,FALSE,joint_prob_below_threshold
Globularia vulgaris,7.352755261153669,3.702116898830078,6.000734667634982,6.858921032904352,5.101678491864857,MAG,high,FALSE,medium,Full Sun,,med,TRUE,low,Temperate,borderline,med,TRUE,medium,Average Moisture,borderline; high_model_reliability,high,TRUE,very_low,Alkaline Soil,borderline; low_model_reliability,med,FALSE,high,Average/Rich Soil,high_model_reliability,"L=high,M=med,R=med",0.194,FALSE,joint_prob_below_threshold
Glyceria fluitans,5.73002059642555,4.199314900270219,7.276582181777169,7.612442917243566,9.459663966810066,MAG,med,FALSE,medium,Partial Sun,,med,FALSE,medium,Temperate,,high,FALSE,high,Requires Wet Soil,high_model_reliability,high,FALSE,low,Alkaline Soil,low_model_reliability,high,FALSE,high,Requires Fertile Soil,high_model_reliability,"L=high,M=med,R=med",0.02,FALSE,joint_prob_below_threshold
Glyceria maxima,5.478680977282497,4.148862592634936,8.93586184636321,7.865047827378536,11.035654860373318,MAG,med,FALSE,medium,Partial Sun,,med,FALSE,medium,Temperate,,high,FALSE,high,Requires Wet Soil,high_model_reliability,high,FALSE,low,Alkaline Soil,low_model_reliability,high,FALSE,high,Requires Fertile Soil,high_model_reliability,"L=high,M=med,R=med",0.0013333333333333333,FALSE,joint_prob_below_threshold
Gnaphalium supinum,8.128654176948215,2.7656079476287196,5.526732448618739,6.606634083611618,4.567799885045811,MAG,high,FALSE,medium,Full Sun,,low,FALSE,medium,Cool Climate,,med,FALSE,high,Average Moisture,high_model_reliability,high,TRUE,very_low,Alkaline Soil,borderline; low_model_reliability,med,FALSE,high,Average/Rich Soil,high_model_reliability,"L=high,M=med,R=med",0.284,FALSE,joint_prob_below_threshold
Gnaphalium sylvaticum,7.256206894968083,3.2229890089626005,7.903339496978147,7.096164165240049,7.742072630025027,MAG,high,FALSE,medium,Full Sun,,low,TRUE,low,Cool Climate,borderline,high,FALSE,high,Requires Wet Soil,high_model_reliability,high,FALSE,low,Alkaline Soil,low_model_reliability,high,FALSE,high,Requires Fertile Soil,high_model_reliability,"L=high,M=med,R=med",0.026,FALSE,joint_prob_below_threshold
Groenlandia densa,6.406744782698842,4.379460904702189,6.470659107202197,7.334872969421005,8.293714126527611,MAG,med,TRUE,low,Partial Sun,borderline,med,FALSE,medium,Temperate,,med,TRUE,medium,Average Moisture,borderline; high_model_reliability,high,FALSE,low,Alkaline Soil,low_model_reliability,high,FALSE,high,Requires Fertile Soil,high_model_reliability,"L=high,M=med,R=med",0.07566666666666666,FALSE,joint_prob_below_threshold
Gymnadenia conopsea,7.0802504558806945,2.8328099942486973,10.001883178309631,7.675407662845654,10.768300456144104,MAG,high,FALSE,medium,Full Sun,,low,FALSE,medium,Cool Climate,,high,FALSE,high,Requires Wet Soil,high_model_reliability,high,FALSE,low,Alkaline Soil,low_model_reliability,high,FALSE,high,Requires Fertile Soil,high_model_reliability,"L=high,M=med,R=med",0,FALSE,joint_prob_below_threshold
Hedera helix,4.827833880706592,5.7882143497915735,7.620385295653513,7.796251495079158,10.067304763494056,MAG,med,FALSE,medium,Partial Sun,,med,FALSE,medium,Temperate,,high,FALSE,high,Requires Wet Soil,high_model_reliability,high,FALSE,low,Alkaline Soil,low_model_reliability,high,FALSE,high,Requires Fertile Soil,high_model_reliability,"L=high,M=med,R=med",0.004333333333333333,FALSE,joint_prob_below_threshold
Helianthemum apenninum,7.414553604325721,3.9053662125736497,4.922109690875958,6.611458359591573,4.3167549205877815,MAG,high,FALSE,medium,Full Sun,,med,TRUE,low,Temperate,borderline,med,FALSE,high,Average Moisture,high_model_reliability,high,TRUE,very_low,Alkaline Soil,borderline; low_model_reliability,med,FALSE,high,Average/Rich Soil,high_model_reliability,"L=high,M=med,R=med",0.2723333333333333,FALSE,joint_prob_below_threshold
Helianthemum nummularium,7.186210277156867,3.681187219742605,5.175220056737276,6.840883258367611,5.10550201200743,MAG,high,FALSE,medium,Full Sun,,med,TRUE,low,Temperate,borderline,med,FALSE,high,Average Moisture,high_model_reliability,high,TRUE,very_low,Alkaline Soil,borderline; low_model_reliability,med,FALSE,high,Average/Rich Soil,high_model_reliability,"L=high,M=med,R=med",0.22533333333333333,FALSE,joint_prob_below_threshold
Helianthemum oelandicum,7.864690850804003,3.5584676242342517,4.625077867381989,6.392087293744268,3.4996375683747147,MAG,high,FALSE,medium,Full Sun,,med,TRUE,low,Temperate,borderline,med,FALSE,high,Average Moisture,high_model_reliability,med,TRUE,very_low,Neutral Soil,borderline; low_model_reliability,low,TRUE,medium,Poor Soil,borderline; high_model_reliability,"L=high,M=med,R=med",0.31433333333333335,FALSE,joint_prob_below_threshold
Helianthus annuus,4.226083277158019,5.564021777610987,8.593003783316306,8.723818545046976,12.657081079819807,MAG,med,FALSE,medium,Partial Sun,,med,FALSE,medium,Temperate,,high,FALSE,high,Requires Wet Soil,high_model_reliability,high,FALSE,low,Alkaline Soil,low_model_reliability,high,FALSE,high,Requires Fertile Soil,high_model_reliability,"L=high,M=med,R=med",0,FALSE,joint_prob_below_threshold
Helianthus tuberosus,4.418987191447254,4.862019548394837,9.646161638319064,8.754474535714747,13.989495045130973,MAG,med,FALSE,medium,Partial Sun,,med,FALSE,medium,Temperate,,high,FALSE,high,Requires Wet Soil,high_model_reliability,high,FALSE,low,Alkaline Soil,low_model_reliability,high,FALSE,high,Requires Fertile Soil,high_model_reliability,"L=high,M=med,R=med",0,FALSE,joint_prob_below_threshold
Helichrysum arenarium,7.234894768999081,3.1802051929352997,7.17550386986914,7.0524812595882125,6.934569022371259,MAG,high,FALSE,medium,Full Sun,,low,TRUE,low,Cool Climate,borderline,high,FALSE,high,Requires Wet Soil,high_model_reliability,high,FALSE,low,Alkaline Soil,low_model_reliability,high,TRUE,medium,Requires Fertile Soil,borderline; high_model_reliability,"L=high,M=med,R=med",0.071,FALSE,joint_prob_below_threshold
Helleborus foetidus,5.302331705803105,4.667860026225176,7.226258887122462,8.175092952295886,9.217230841627924,MAG,med,FALSE,medium,Partial Sun,,med,FALSE,medium,Temperate,,high,FALSE,high,Requires Wet Soil,high_model_reliability,high,FALSE,low,Alkaline Soil,low_model_reliability,high,FALSE,high,Requires Fertile Soil,high_model_reliability,"L=high,M=med,R=med",0.008666666666666666,FALSE,joint_prob_below_threshold
Helleborus niger,5.291423870425096,4.27020772963516,6.804926510940263,8.107309992639623,8.770064342782081,MAG,med,FALSE,medium,Partial Sun,,med,FALSE,medium,Temperate,,high,TRUE,medium,Requires Wet Soil,borderline; high_model_reliability,high,FALSE,low,Alkaline Soil,low_model_reliability,high,FALSE,high,Requires Fertile Soil,high_model_reliability,"L=high,M=med,R=med",0.013,FALSE,joint_prob_below_threshold
Hepatica nobilis,6.0582403281491715,3.800135932095764,6.112416041967166,7.7071586070806335,7.570392815341291,MAG,med,TRUE,low,Partial Sun,borderline,med,TRUE,low,Temperate,borderline,med,TRUE,medium,Average Moisture,borderline; high_model_reliability,high,FALSE,low,Alkaline Soil,low_model_reliability,high,FALSE,high,Requires Fertile Soil,high_model_reliability,"L=high,M=med,R=med",0.052333333333333336,FALSE,joint_prob_below_threshold
Heracleum sphondylium,4.506294377318461,4.732008053699714,7.961360110506053,8.311885014496111,11.83732701987719,MAG,med,FALSE,medium,Partial Sun,,med,FALSE,medium,Temperate,,high,FALSE,high,Requires Wet Soil,high_model_reliability,high,FALSE,low,Alkaline Soil,low_model_reliability,high,FALSE,high,Requires Fertile Soil,high_model_reliability,"L=high,M=med,R=med",0.0013333333333333333,FALSE,joint_prob_below_threshold
Herniaria glabra,8.460039873029142,3.1957080785166827,5.726804309752761,6.337003182577402,3.9971734650584696,MAG,high,FALSE,medium,Full Sun,,low,TRUE,low,Cool Climate,borderline,med,FALSE,high,Average Moisture,high_model_reliability,med,TRUE,very_low,Neutral Soil,borderline; low_model_reliability,med,TRUE,medium,Average/Rich Soil,borderline; high_model_reliability,"L=high,M=med,R=med",0.296,FALSE,joint_prob_below_threshold
Hesperis matronalis,5.5355065620648825,4.425176954944588,7.795609045046819,7.990122413102758,10.715809462146328,MAG,med,FALSE,medium,Partial Sun,,med,FALSE,medium,Temperate,,high,FALSE,high,Requires Wet Soil,high_model_reliability,high,FALSE,low,Alkaline Soil,low_model_reliability,high,FALSE,high,Requires Fertile Soil,high_model_reliability,"L=high,M=med,R=med",0.006,FALSE,joint_prob_below_threshold
Hieracium laevigatum,6.0815837889695565,3.930257656972825,8.285224170560584,7.757391418408424,10.148276703644386,MAG,med,TRUE,low,Partial Sun,borderline,med,TRUE,low,Temperate,borderline,high,FALSE,high,Requires Wet Soil,high_model_reliability,high,FALSE,low,Alkaline Soil,low_model_reliability,high,FALSE,high,Requires Fertile Soil,high_model_reliability,"L=high,M=med,R=med",0.005333333333333333,FALSE,joint_prob_below_threshold
Hieracium porrifolium,6.5510435123908115,3.9526723659535663,7.066221231951793,7.38401764863544,7.879744373272654,MAG,high,TRUE,low,Full Sun,borderline,med,TRUE,low,Temperate,borderline,high,FALSE,high,Requires Wet Soil,high_model_reliability,high,FALSE,low,Alkaline Soil,low_model_reliability,high,FALSE,high,Requires Fertile Soil,high_model_reliability,"L=high,M=med,R=med",0.051,FALSE,joint_prob_below_threshold
Hieracium prenanthoides,6.014844376915007,4.115778049342378,7.668429644843922,7.615825159934025,9.384212404506457,MAG,med,TRUE,low,Partial Sun,borderline,med,FALSE,medium,Temperate,,high,FALSE,high,Requires Wet Soil,high_model_reliability,high,FALSE,low,Alkaline Soil,low_model_reliability,high,FALSE,high,Requires Fertile Soil,high_model_reliability,"L=high,M=med,R=med",0.01633333333333333,FALSE,joint_prob_below_threshold
Hieracium racemosum,6.104730191250973,3.522872965357114,7.740049831333104,7.755633182735725,9.85318888473246,MAG,med,TRUE,low,Partial Sun,borderline,med,TRUE,low,Temperate,borderline,high,FALSE,high,Requires Wet Soil,high_model_reliability,high,FALSE,low,Alkaline Soil,low_model_reliability,high,FALSE,high,Requires Fertile Soil,high_model_reliability,"L=high,M=med,R=med",0.013333333333333334,FALSE,joint_prob_below_threshold
Hieracium sabaudum,5.976646231800344,4.171738578321613,8.976533798740924,7.948016846032731,10.760028293250285,MAG,med,FALSE,medium,Partial Sun,,med,FALSE,medium,Temperate,,high,FALSE,high,Requires Wet Soil,high_model_reliability,high,FALSE,low,Alkaline Soil,low_model_reliability,high,FALSE,high,Requires Fertile Soil,high_model_reliability,"L=high,M=med,R=med",0.0013333333333333333,FALSE,joint_prob_below_threshold
Hieracium umbellatum,6.251007409511891,3.813233974444855,6.606559033387493,7.081680877847439,7.64757000509656,MAG,med,TRUE,low,Partial Sun,borderline,med,TRUE,low,Temperate,borderline,high,TRUE,medium,Requires Wet Soil,borderline; high_model_reliability,high,FALSE,low,Alkaline Soil,low_model_reliability,high,FALSE,high,Requires Fertile Soil,high_model_reliability,"L=high,M=med,R=med",0.08033333333333334,FALSE,joint_prob_below_threshold
Hippocrepis emerus,5.2033615759727265,4.939195008808761,6.017707819328214,7.20160004181602,8.7892629455878,MAG,med,FALSE,medium,Partial Sun,,med,FALSE,medium,Temperate,,med,TRUE,medium,Average Moisture,borderline; high_model_reliability,high,FALSE,low,Alkaline Soil,low_model_reliability,high,FALSE,high,Requires Fertile Soil,high_model_reliability,"L=high,M=med,R=med",0.040666666666666663,FALSE,joint_prob_below_threshold
Hippuris vulgaris,6.847003473670421,4.091934342407276,6.902937725223774,7.332405649100904,8.108920264980833,MAG,high,TRUE,low,Full Sun,borderline,med,FALSE,medium,Temperate,,high,TRUE,medium,Requires Wet Soil,borderline; high_model_reliability,high,FALSE,low,Alkaline Soil,low_model_reliability,high,FALSE,high,Requires Fertile Soil,high_model_reliability,"L=high,M=med,R=med",0.07366666666666667,FALSE,joint_prob_below_threshold
Holcus lanatus,6.452352889898278,3.7380784814570767,7.402010635746221,7.426148862440722,8.532831561173186,MAG,med,TRUE,low,Partial Sun,borderline,med,TRUE,low,Temperate,borderline,high,FALSE,high,Requires Wet Soil,high_model_reliability,high,FALSE,low,Alkaline Soil,low_model_reliability,high,FALSE,high,Requires Fertile Soil,high_model_reliability,"L=high,M=med,R=med",0.032,FALSE,joint_prob_below_threshold
Holcus mollis,6.1971686608898064,3.810523448812554,8.175296426845163,7.754213902185299,10.242316734392324,MAG,med,TRUE,low,Partial Sun,borderline,med,TRUE,low,Temperate,borderline,high,FALSE,high,Requires Wet Soil,high_model_reliability,high,FALSE,low,Alkaline Soil,low_model_reliability,high,FALSE,high,Requires Fertile Soil,high_model_reliability,"L=high,M=med,R=med",0.007333333333333333,FALSE,joint_prob_below_threshold
Homogyne alpina,6.7646940278168985,3.5284311118702467,6.771656810772469,7.543223781236728,7.455925690448085,MAG,high,TRUE,low,Full Sun,borderline,med,TRUE,low,Temperate,borderline,high,TRUE,medium,Requires Wet Soil,borderline; high_model_reliability,high,FALSE,low,Alkaline Soil,low_model_reliability,high,FALSE,high,Requires Fertile Soil,high_model_reliability,"L=high,M=med,R=med",0.06233333333333333,FALSE,joint_prob_below_threshold
Honckenya peploides,7.203878516316615,4.078537661113976,5.141708815726536,7.04730304731885,5.121929235272635,MAG,high,FALSE,medium,Full Sun,,med,FALSE,medium,Temperate,,med,FALSE,high,Average Moisture,high_model_reliability,high,FALSE,low,Alkaline Soil,low_model_reliability,med,FALSE,high,Average/Rich Soil,high_model_reliability,"L=high,M=med,R=med",0.19833333333333333,FALSE,joint_prob_below_threshold
Hordelymus europaeus,5.075204061454265,4.762413199070324,8.016551368614975,8.209584840030946,11.350265555588589,MAG,med,FALSE,medium,Partial Sun,,med,FALSE,medium,Temperate,,high,FALSE,high,Requires Wet Soil,high_model_reliability,high,FALSE,low,Alkaline Soil,low_model_reliability,high,FALSE,high,Requires Fertile Soil,high_model_reliability,"L=high,M=med,R=med",0.0023333333333333335,FALSE,joint_prob_below_threshold
Hordeum jubatum,6.393062081117482,4.281669463110257,6.518715176350831,7.286981841794809,7.652621193483529,MAG,med,TRUE,low,Partial Sun,borderline,med,FALSE,medium,Temperate,,high,TRUE,medium,Requires Wet Soil,borderline; high_model_reliability,high,FALSE,low,Alkaline Soil,low_model_reliability,high,FALSE,high,Requires Fertile Soil,high_model_reliability,"L=high,M=med,R=med",0.076,FALSE,joint_prob_below_threshold
Hordeum murinum,5.961973754454943,4.445334959620711,6.441495417976219,7.622094932685096,8.558171402071064,MAG,med,FALSE,medium,Partial Sun,,med,FALSE,medium,Temperate,,med,TRUE,medium,Average Moisture,borderline; high_model_reliability,high,FALSE,low,Alkaline Soil,low_model_reliability,high,FALSE,high,Requires Fertile Soil,high_model_reliability,"L=high,M=med,R=med",0.04666666666666667,FALSE,joint_prob_below_threshold
Horminum pyrenaicum,6.136870432911097,3.7499851777525417,6.410803219359065,7.674463662675374,7.937455830004522,MAG,med,TRUE,low,Partial Sun,borderline,med,TRUE,low,Temperate,borderline,med,TRUE,medium,Average Moisture,borderline; high_model_reliability,high,FALSE,low,Alkaline Soil,low_model_reliability,high,FALSE,high,Requires Fertile Soil,high_model_reliability,"L=high,M=med,R=med",0.048,FALSE,joint_prob_below_threshold
Hottonia palustris,7.1175831288408755,3.473553069212232,7.779166329375259,7.403907151402452,8.319110981338701,MAG,high,FALSE,medium,Full Sun,,low,TRUE,low,Cool Climate,borderline,high,FALSE,high,Requires Wet Soil,high_model_reliability,high,FALSE,low,Alkaline Soil,low_model_reliability,high,FALSE,high,Requires Fertile Soil,high_model_reliability,"L=high,M=med,R=med",0.025333333333333333,FALSE,joint_prob_below_threshold
Hyacinthoides non-scripta,5.589092926799742,4.3955531704077675,8.65398593833752,8.785146662957317,11.976732040998806,MAG,med,FALSE,medium,Partial Sun,,med,FALSE,medium,Temperate,,high,FALSE,high,Requires Wet Soil,high_model_reliability,high,FALSE,low,Alkaline Soil,low_model_reliability,high,FALSE,high,Requires Fertile Soil,high_model_reliability,"L=high,M=med,R=med",6.666666666666666e-4,FALSE,joint_prob_below_threshold
Hydrocharis morsus-ranae,7.1113877076282055,2.721793075315437,7.819362117598011,7.797433513905422,8.956600896531949,MAG,high,FALSE,medium,Full Sun,,low,FALSE,medium,Cool Climate,,high,FALSE,high,Requires Wet Soil,high_model_reliability,high,FALSE,low,Alkaline Soil,low_model_reliability,high,FALSE,high,Requires Fertile Soil,high_model_reliability,"L=high,M=med,R=med",0.01633333333333333,FALSE,joint_prob_below_threshold
Hydrocotyle vulgaris,7.05921894525651,3.2753363477929964,6.6633740185037365,7.410866271119254,7.076333936294327,MAG,high,FALSE,medium,Full Sun,,low,TRUE,low,Cool Climate,borderline,high,TRUE,medium,Requires Wet Soil,borderline; high_model_reliability,high,FALSE,low,Alkaline Soil,low_model_reliability,high,FALSE,high,Requires Fertile Soil,high_model_reliability,"L=high,M=med,R=med",0.08466666666666667,FALSE,joint_prob_below_threshold
Hyoscyamus niger,5.019939254421241,3.871312019611215,8.654068246749791,8.352021569449079,13.348183099927606,MAG,med,FALSE,medium,Partial Sun,,med,TRUE,low,Temperate,borderline,high,FALSE,high,Requires Wet Soil,high_model_reliability,high,FALSE,low,Alkaline Soil,low_model_reliability,high,FALSE,high,Requires Fertile Soil,high_model_reliability,"L=high,M=med,R=med",0.001,FALSE,joint_prob_below_threshold
Hyparrhenia hirta,6.918634667982472,3.9974769564278234,5.621625696364351,6.714555945882246,5.432647506410286,MAG,high,TRUE,low,Full Sun,borderline,med,TRUE,low,Temperate,borderline,med,FALSE,high,Average Moisture,high_model_reliability,high,TRUE,very_low,Alkaline Soil,borderline; low_model_reliability,med,FALSE,high,Average/Rich Soil,high_model_reliability,"L=high,M=med,R=med",0.21166666666666667,FALSE,joint_prob_below_threshold
Hypericum humifusum,8.093894228759783,2.7971658494816163,5.810689013939754,6.434421460294117,4.58108552164406,MAG,high,FALSE,medium,Full Sun,,low,FALSE,medium,Cool Climate,,med,FALSE,high,Average Moisture,high_model_reliability,med,TRUE,very_low,Neutral Soil,borderline; low_model_reliability,med,FALSE,high,Average/Rich Soil,high_model_reliability,"L=high,M=med,R=med",0.2833333333333333,FALSE,joint_prob_below_threshold
Hypericum linarioides,7.493147734307782,3.3609891213582115,6.1592201994859606,6.750485839994401,5.7388056701031065,MAG,high,FALSE,medium,Full Sun,,low,TRUE,low,Cool Climate,borderline,med,TRUE,medium,Average Moisture,borderline; high_model_reliability,high,TRUE,very_low,Alkaline Soil,borderline; low_model_reliability,med,FALSE,high,Average/Rich Soil,high_model_reliability,"L=high,M=med,R=med",0.197,FALSE,joint_prob_below_threshold
Hypericum maculatum,6.598812485305216,3.2830979433870544,7.628815768976605,7.132864411490886,8.560237797186579,MAG,high,TRUE,low,Full Sun,borderline,low,TRUE,low,Cool Climate,borderline,high,FALSE,high,Requires Wet Soil,high_model_reliability,high,FALSE,low,Alkaline Soil,low_model_reliability,high,FALSE,high,Requires Fertile Soil,high_model_reliability,"L=high,M=med,R=med",0.032,FALSE,joint_prob_below_threshold
Hypericum montanum,6.883429219796797,3.3694722114975826,7.625147285368381,7.085225974430319,8.00217651852353,MAG,high,TRUE,low,Full Sun,borderline,low,TRUE,low,Cool Climate,borderline,high,FALSE,high,Requires Wet Soil,high_model_reliability,high,FALSE,low,Alkaline Soil,low_model_reliability,high,FALSE,high,Requires Fertile Soil,high_model_reliability,"L=high,M=med,R=med",0.03933333333333333,FALSE,joint_prob_below_threshold
Hypericum perforatum,7.020384979544378,3.5981267501877134,7.1762362682929925,6.911228660641182,7.435628740182597,MAG,high,FALSE,medium,Full Sun,,med,TRUE,low,Temperate,borderline,high,FALSE,high,Requires Wet Soil,high_model_reliability,high,TRUE,very_low,Alkaline Soil,borderline; low_model_reliability,high,FALSE,high,Requires Fertile Soil,high_model_reliability,"L=high,M=med,R=med",0.078,FALSE,joint_prob_below_threshold
Hypochaeris radicata,6.476976597107125,3.8855835763970665,7.658456732778451,7.781548287492796,8.62362944309424,MAG,med,TRUE,low,Partial Sun,borderline,med,TRUE,low,Temperate,borderline,high,FALSE,high,Requires Wet Soil,high_model_reliability,high,FALSE,low,Alkaline Soil,low_model_reliability,high,FALSE,high,Requires Fertile Soil,high_model_reliability,"L=high,M=med,R=med",0.017333333333333333,FALSE,joint_prob_below_threshold
Ilex aquifolium,4.780015926369018,5.880432593341714,6.063306181122385,7.147794630184854,8.404300836432682,MAG,med,FALSE,medium,Partial Sun,,med,FALSE,medium,Temperate,,med,TRUE,medium,Average Moisture,borderline; high_model_reliability,high,FALSE,low,Alkaline Soil,low_model_reliability,high,FALSE,high,Requires Fertile Soil,high_model_reliability,"L=high,M=med,R=med",0.024666666666666667,FALSE,joint_prob_below_threshold
Impatiens balfourii,5.033062601507793,4.582497773133326,8.52806404695032,8.419203998725154,12.226667592275447,MAG,med,FALSE,medium,Partial Sun,,med,FALSE,medium,Temperate,,high,FALSE,high,Requires Wet Soil,high_model_reliability,high,FALSE,low,Alkaline Soil,low_model_reliability,high,FALSE,high,Requires Fertile Soil,high_model_reliability,"L=high,M=med,R=med",0.001,FALSE,joint_prob_below_threshold
Impatiens capensis,5.129501431323943,4.996852113267679,8.604646892580295,8.333012292009528,11.85181642201672,MAG,med,FALSE,medium,Partial Sun,,med,FALSE,medium,Temperate,,high,FALSE,high,Requires Wet Soil,high_model_reliability,high,FALSE,low,Alkaline Soil,low_model_reliability,high,FALSE,high,Requires Fertile Soil,high_model_reliability,"L=high,M=med,R=med",0.001,FALSE,joint_prob_below_threshold
Impatiens noli-tangere,5.115969389982381,4.602622876500234,7.657256724507431,8.177312190227578,11.482581817739865,MAG,med,FALSE,medium,Partial Sun,,med,FALSE,medium,Temperate,,high,FALSE,high,Requires Wet Soil,high_model_reliability,high,FALSE,low,Alkaline Soil,low_model_reliability,high,FALSE,high,Requires Fertile Soil,high_model_reliability,"L=high,M=med,R=med",0.004,FALSE,joint_prob_below_threshold
Impatiens parviflora,5.28878783846134,4.776513910297676,8.256101126948701,8.40809297628212,11.098170005406493,MAG,med,FALSE,medium,Partial Sun,,med,FALSE,medium,Temperate,,high,FALSE,high,Requires Wet Soil,high_model_reliability,high,FALSE,low,Alkaline Soil,low_model_reliability,high,FALSE,high,Requires Fertile Soil,high_model_reliability,"L=high,M=med,R=med",0.002,FALSE,joint_prob_below_threshold
Inula britannica,6.434835739132266,3.50110421068019,8.384663973092211,7.613540638272747,9.571785145394577,MAG,med,TRUE,low,Partial Sun,borderline,med,TRUE,low,Temperate,borderline,high,FALSE,high,Requires Wet Soil,high_model_reliability,high,FALSE,low,Alkaline Soil,low_model_reliability,high,FALSE,high,Requires Fertile Soil,high_model_reliability,"L=high,M=med,R=med",0.006,FALSE,joint_prob_below_threshold
Inula hirta,6.4627266823939635,3.685889768695189,6.61390001004634,7.218919039636014,7.630288467758409,MAG,med,TRUE,low,Partial Sun,borderline,med,TRUE,low,Temperate,borderline,high,TRUE,medium,Requires Wet Soil,borderline; high_model_reliability,high,FALSE,low,Alkaline Soil,low_model_reliability,high,FALSE,high,Requires Fertile Soil,high_model_reliability,"L=high,M=med,R=med",0.07933333333333334,FALSE,joint_prob_below_threshold
Inula montana,6.937206036956312,3.463887388771728,6.486706503865148,7.034460031253598,6.556418645672523,MAG,high,TRUE,low,Full Sun,borderline,low,TRUE,low,Cool Climate,borderline,med,TRUE,medium,Average Moisture,borderline; high_model_reliability,high,FALSE,low,Alkaline Soil,low_model_reliability,high,TRUE,medium,Requires Fertile Soil,borderline; high_model_reliability,"L=high,M=med,R=med",0.12333333333333334,FALSE,joint_prob_below_threshold
Iris pseudacorus,4.5520934234966965,5.288310283207663,7.925844528236088,8.677943282385188,10.994903726971138,MAG,med,FALSE,medium,Partial Sun,,med,FALSE,medium,Temperate,,high,FALSE,high,Requires Wet Soil,high_model_reliability,high,FALSE,low,Alkaline Soil,low_model_reliability,high,FALSE,high,Requires Fertile Soil,high_model_reliability,"L=high,M=med,R=med",6.666666666666666e-4,FALSE,joint_prob_below_threshold
Jacobaea incana,7.195445743699086,3.6221574518168063,5.337721813793715,7.007475395926555,5.0479010828621265,MAG,high,FALSE,medium,Full Sun,,med,TRUE,low,Temperate,borderline,med,FALSE,high,Average Moisture,high_model_reliability,high,FALSE,low,Alkaline Soil,low_model_reliability,med,FALSE,high,Average/Rich Soil,high_model_reliability,"L=high,M=med,R=med",0.19866666666666666,FALSE,joint_prob_below_threshold
Jacobaea vulgaris,5.916621784092176,3.645719640328821,7.717244800058964,7.453860829279685,9.194263380598557,MAG,med,FALSE,medium,Partial Sun,,med,TRUE,low,Temperate,borderline,high,FALSE,high,Requires Wet Soil,high_model_reliability,high,FALSE,low,Alkaline Soil,low_model_reliability,high,FALSE,high,Requires Fertile Soil,high_model_reliability,"L=high,M=med,R=med",0.017333333333333333,FALSE,joint_prob_below_threshold
Jasione montana,7.805769023873568,2.968111744070297,7.010991755588263,6.659544354136724,6.63241882818036,MAG,high,FALSE,medium,Full Sun,,low,FALSE,medium,Cool Climate,,high,FALSE,high,Requires Wet Soil,high_model_reliability,high,TRUE,very_low,Alkaline Soil,borderline; low_model_reliability,high,TRUE,medium,Requires Fertile Soil,borderline; high_model_reliability,"L=high,M=med,R=med",0.12,FALSE,joint_prob_below_threshold
Juglans nigra,2.332835790260513,7.830852528943126,6.033216652696389,8.27364670490443,11.731289785277022,MAG,low,FALSE,medium,Deep/Partial Shade,,high,FALSE,medium,Warm Climate,,med,TRUE,medium,Average Moisture,borderline; high_model_reliability,high,FALSE,low,Alkaline Soil,low_model_reliability,high,FALSE,high,Requires Fertile Soil,high_model_reliability,"L=high,M=med,R=med",0,FALSE,joint_prob_below_threshold
Juglans regia,2.665573565271869,7.685056244443229,5.868660269189766,8.202785737510641,11.098258419125427,MAG,low,FALSE,medium,Deep/Partial Shade,,high,FALSE,medium,Warm Climate,,med,FALSE,high,Average Moisture,high_model_reliability,high,FALSE,low,Alkaline Soil,low_model_reliability,high,FALSE,high,Requires Fertile Soil,high_model_reliability,"L=high,M=med,R=med",3.333333333333333e-4,FALSE,joint_prob_below_threshold
Juncus articulatus,7.599053466423862,2.9149821439195307,7.094987721701823,6.575082602383704,6.2421339308947,MAG,high,FALSE,medium,Full Sun,,low,FALSE,medium,Cool Climate,,high,FALSE,high,Requires Wet Soil,high_model_reliability,high,TRUE,very_low,Alkaline Soil,borderline; low_model_reliability,med,TRUE,medium,Average/Rich Soil,borderline; high_model_reliability,"L=high,M=med,R=med",0.11466666666666667,FALSE,joint_prob_below_threshold
Juncus bufonius,8.077792958262553,2.8810283552400007,7.26798078502677,6.763993662665992,5.9419549721243365,MAG,high,FALSE,medium,Full Sun,,low,FALSE,medium,Cool Climate,,high,FALSE,high,Requires Wet Soil,high_model_reliability,high,TRUE,very_low,Alkaline Soil,borderline; low_model_reliability,med,FALSE,high,Average/Rich Soil,high_model_reliability,"L=high,M=med,R=med",0.08566666666666667,FALSE,joint_prob_below_threshold
Juncus bulbosus,8.274333219301349,2.663277574544414,6.516812554949892,6.474856221857693,4.87210466438238,MAG,high,FALSE,medium,Full Sun,,low,FALSE,medium,Cool Climate,,high,TRUE,medium,Requires Wet Soil,borderline; high_model_reliability,med,TRUE,very_low,Neutral Soil,borderline; low_model_reliability,med,FALSE,high,Average/Rich Soil,high_model_reliability,"L=high,M=med,R=med",0.192,FALSE,joint_prob_below_threshold
Juncus effusus,7.39122362420377,3.5460967490654305,10.870319531064675,7.897588269784213,9.163910349983793,MAG,high,FALSE,medium,Full Sun,,med,TRUE,low,Temperate,borderline,high,FALSE,high,Requires Wet Soil,high_model_reliability,high,FALSE,low,Alkaline Soil,low_model_reliability,high,FALSE,high,Requires Fertile Soil,high_model_reliability,"L=high,M=med,R=med",0,FALSE,joint_prob_below_threshold
Juncus filiformis,7.1823236697320585,3.010008217753162,7.636966895039997,6.9390718361814985,7.411898979531088,MAG,high,FALSE,medium,Full Sun,,low,TRUE,low,Cool Climate,borderline,high,FALSE,high,Requires Wet Soil,high_model_reliability,high,TRUE,very_low,Alkaline Soil,borderline; low_model_reliability,high,FALSE,high,Requires Fertile Soil,high_model_reliability,"L=high,M=med,R=med",0.04733333333333333,FALSE,joint_prob_below_threshold
Juncus squarrosus,8.08301571094622,3.307235013399034,5.6424453809130695,6.1416079714386935,3.5430466733617996,MAG,high,FALSE,medium,Full Sun,,low,TRUE,low,Cool Climate,borderline,med,FALSE,high,Average Moisture,high_model_reliability,med,TRUE,very_low,Neutral Soil,borderline; low_model_reliability,med,TRUE,medium,Average/Rich Soil,borderline; high_model_reliability,"L=high,M=med,R=med",0.34833333333333333,FALSE,joint_prob_below_threshold
Juncus subnodulosus,7.307714023685323,3.248013432966805,9.213883486167887,7.161543416740642,8.178156155985217,MAG,high,FALSE,medium,Full Sun,,low,TRUE,low,Cool Climate,borderline,high,FALSE,high,Requires Wet Soil,high_model_reliability,high,FALSE,low,Alkaline Soil,low_model_reliability,high,FALSE,high,Requires Fertile Soil,high_model_reliability,"L=high,M=med,R=med",0.0026666666666666666,FALSE,joint_prob_below_threshold
Juncus tenuis,7.645629284074995,3.039067248196518,8.311135829512114,7.004552999682102,7.338405838626486,MAG,high,FALSE,medium,Full Sun,,low,TRUE,low,Cool Climate,borderline,high,FALSE,high,Requires Wet Soil,high_model_reliability,high,FALSE,low,Alkaline Soil,low_model_reliability,high,FALSE,high,Requires Fertile Soil,high_model_reliability,"L=high,M=med,R=med",0.018333333333333333,FALSE,joint_prob_below_threshold
Juniperus communis,6.26585704308843,5.564070383442004,4.8038208108852984,6.3354332893767396,5.301920026059698,MAG,med,TRUE,low,Partial Sun,borderline,med,FALSE,medium,Temperate,,med,FALSE,high,Average Moisture,high_model_reliability,med,TRUE,very_low,Neutral Soil,borderline; low_model_reliability,med,FALSE,high,Average/Rich Soil,high_model_reliability,"L=high,M=med,R=med",0.17933333333333334,FALSE,joint_prob_below_threshold
Juniperus oxycedrus,6.013188810499424,6.2806409997479475,4.163823170979635,6.237800628868798,4.95587214849464,MAG,med,TRUE,low,Partial Sun,borderline,med,TRUE,low,Temperate,borderline,med,FALSE,high,Average Moisture,high_model_reliability,med,TRUE,very_low,Neutral Soil,borderline; low_model_reliability,med,FALSE,high,Average/Rich Soil,high_model_reliability,"L=high,M=med,R=med",0.12,FALSE,joint_prob_below_threshold
Juniperus phoenicea,6.454671832671959,6.109073688970878,3.585773979748996,5.946618341166591,3.8485326623263094,MAG,med,TRUE,low,Partial Sun,borderline,med,TRUE,low,Temperate,borderline,med,TRUE,medium,Average Moisture,borderline; high_model_reliability,med,FALSE,low,Neutral Soil,low_model_reliability,med,TRUE,medium,Average/Rich Soil,borderline; high_model_reliability,"L=high,M=med,R=med",0.12566666666666668,FALSE,joint_prob_below_threshold
Juniperus virginiana,7.133192963438841,6.6184332046760375,6.560661448421253,6.219096644038484,4.825933087764302,MAG,high,FALSE,medium,Full Sun,,high,TRUE,low,Warm Climate,borderline,high,TRUE,medium,Requires Wet Soil,borderline; high_model_reliability,med,TRUE,very_low,Neutral Soil,borderline; low_model_reliability,med,FALSE,high,Average/Rich Soil,high_model_reliability,"L=high,M=med,R=med",0.19966666666666666,FALSE,joint_prob_below_threshold
Kernera saxatilis,7.452592793098508,3.2844398269351567,6.459395342836829,6.952691863035106,6.846599978703271,MAG,high,FALSE,medium,Full Sun,,low,TRUE,low,Cool Climate,borderline,med,TRUE,medium,Average Moisture,borderline; high_model_reliability,high,TRUE,very_low,Alkaline Soil,borderline; low_model_reliability,high,TRUE,medium,Requires Fertile Soil,borderline; high_model_reliability,"L=high,M=med,R=med",0.14166666666666666,FALSE,joint_prob_below_threshold
Kickxia spuria,6.452176900746072,3.624958739859118,7.365891798763932,7.550536018961273,8.479436650512202,MAG,med,TRUE,low,Partial Sun,borderline,med,TRUE,low,Temperate,borderline,high,FALSE,high,Requires Wet Soil,high_model_reliability,high,FALSE,low,Alkaline Soil,low_model_reliability,high,FALSE,high,Requires Fertile Soil,high_model_reliability,"L=high,M=med,R=med",0.030666666666666665,FALSE,joint_prob_below_threshold
Knautia arvensis,5.5192239834917505,4.434059143533225,7.45698843422601,8.004356472927247,9.869915844489707,MAG,med,FALSE,medium,Partial Sun,,med,FALSE,medium,Temperate,,high,FALSE,high,Requires Wet Soil,high_model_reliability,high,FALSE,low,Alkaline Soil,low_model_reliability,high,FALSE,high,Requires Fertile Soil,high_model_reliability,"L=high,M=med,R=med",0.01,FALSE,joint_prob_below_threshold
Knautia drymeia,5.4286485084801726,4.378197482074807,7.800238987251263,8.063529650115655,10.579010385623958,MAG,med,FALSE,medium,Partial Sun,,med,FALSE,medium,Temperate,,high,FALSE,high,Requires Wet Soil,high_model_reliability,high,FALSE,low,Alkaline Soil,low_model_reliability,high,FALSE,high,Requires Fertile Soil,high_model_reliability,"L=high,M=med,R=med",0.004333333333333333,FALSE,joint_prob_below_threshold
Knautia transalpina,5.699417757099624,4.399037243228196,7.308360266507179,7.912966706680379,9.066273019027395,MAG,med,FALSE,medium,Partial Sun,,med,FALSE,medium,Temperate,,high,FALSE,high,Requires Wet Soil,high_model_reliability,high,FALSE,low,Alkaline Soil,low_model_reliability,high,FALSE,high,Requires Fertile Soil,high_model_reliability,"L=high,M=med,R=med",0.014,FALSE,joint_prob_below_threshold
Knautia velutina,5.564952936023603,4.247564370370737,7.648532345588281,8.061233459395915,9.910111341477702,MAG,med,FALSE,medium,Partial Sun,,med,FALSE,medium,Temperate,,high,FALSE,high,Requires Wet Soil,high_model_reliability,high,FALSE,low,Alkaline Soil,low_model_reliability,high,FALSE,high,Requires Fertile Soil,high_model_reliability,"L=high,M=med,R=med",0.007666666666666666,FALSE,joint_prob_below_threshold
Koeleria glauca,7.414268413393522,3.1510597812812233,5.2162954896094504,6.514191983974347,4.614917069798843,MAG,high,FALSE,medium,Full Sun,,low,TRUE,low,Cool Climate,borderline,med,FALSE,high,Average Moisture,high_model_reliability,high,TRUE,very_low,Alkaline Soil,borderline; low_model_reliability,med,FALSE,high,Average/Rich Soil,high_model_reliability,"L=high,M=med,R=med",0.2793333333333333,FALSE,joint_prob_below_threshold
Koeleria macrantha,6.853665151458619,3.807169009916618,6.266443480591804,7.119076446971467,6.319211106895779,MAG,high,TRUE,low,Full Sun,borderline,med,TRUE,low,Temperate,borderline,med,TRUE,medium,Average Moisture,borderline; high_model_reliability,high,FALSE,low,Alkaline Soil,low_model_reliability,med,TRUE,medium,Average/Rich Soil,borderline; high_model_reliability,"L=high,M=med,R=med",0.126,FALSE,joint_prob_below_threshold
Koeleria vallesiana,7.434052337925621,3.4571256738916265,4.889199718479945,6.511266788010106,4.222391722082992,MAG,high,FALSE,medium,Full Sun,,low,TRUE,low,Cool Climate,borderline,med,FALSE,high,Average Moisture,high_model_reliability,high,TRUE,very_low,Alkaline Soil,borderline; low_model_reliability,med,FALSE,high,Average/Rich Soil,high_model_reliability,"L=high,M=med,R=med",0.2856666666666667,FALSE,joint_prob_below_threshold
Lactuca serriola,6.030950738573013,4.224252499139114,8.39973994858205,7.681369723562884,10.15692916540093,MAG,med,TRUE,low,Partial Sun,borderline,med,FALSE,medium,Temperate,,high,FALSE,high,Requires Wet Soil,high_model_reliability,high,FALSE,low,Alkaline Soil,low_model_reliability,high,FALSE,high,Requires Fertile Soil,high_model_reliability,"L=high,M=med,R=med",0.004,FALSE,joint_prob_below_threshold
Lactuca tatarica,6.028238669954939,4.161570290096645,7.846930275160793,7.767781553737057,9.414225329734522,MAG,med,TRUE,low,Partial Sun,borderline,med,FALSE,medium,Temperate,,high,FALSE,high,Requires Wet Soil,high_model_reliability,high,FALSE,low,Alkaline Soil,low_model_reliability,high,FALSE,high,Requires Fertile Soil,high_model_reliability,"L=high,M=med,R=med",0.009666666666666667,FALSE,joint_prob_below_threshold
Lamium album,5.503101206291657,3.9866790877782985,7.519360437360415,7.97191469813793,10.833424433880571,MAG,med,FALSE,medium,Partial Sun,,med,TRUE,low,Temperate,borderline,high,FALSE,high,Requires Wet Soil,high_model_reliability,high,FALSE,low,Alkaline Soil,low_model_reliability,high,FALSE,high,Requires Fertile Soil,high_model_reliability,"L=high,M=med,R=med",0.010333333333333333,FALSE,joint_prob_below_threshold
Lamium amplexicaule,6.755399845283464,3.724080720882683,6.908803838690833,7.416914242798165,8.038324351030727,MAG,high,TRUE,low,Full Sun,borderline,med,TRUE,low,Temperate,borderline,high,TRUE,medium,Requires Wet Soil,borderline; high_model_reliability,high,FALSE,low,Alkaline Soil,low_model_reliability,high,FALSE,high,Requires Fertile Soil,high_model_reliability,"L=high,M=med,R=med",0.06433333333333334,FALSE,joint_prob_below_threshold
Lamium galeobdolon,5.683873230092666,4.189224213069615,7.56957322298668,7.981411800076314,10.236554619430056,MAG,med,FALSE,medium,Partial Sun,,med,FALSE,medium,Temperate,,high,FALSE,high,Requires Wet Soil,high_model_reliability,high,FALSE,low,Alkaline Soil,low_model_reliability,high,FALSE,high,Requires Fertile Soil,high_model_reliability,"L=high,M=med,R=med",0.012,FALSE,joint_prob_below_threshold
Lamium maculatum,5.756196556304766,4.077744510981915,7.236995669404116,7.764073366597291,9.64088307346713,MAG,med,FALSE,medium,Partial Sun,,med,FALSE,medium,Temperate,,high,FALSE,high,Requires Wet Soil,high_model_reliability,high,FALSE,low,Alkaline Soil,low_model_reliability,high,FALSE,high,Requires Fertile Soil,high_model_reliability,"L=high,M=med,R=med",0.018333333333333333,FALSE,joint_prob_below_threshold
Lamium purpureum,6.525729983561588,3.831499551374513,7.115380367845494,7.56109470774463,8.297081006420072,MAG,high,TRUE,low,Full Sun,borderline,med,TRUE,low,Temperate,borderline,high,FALSE,high,Requires Wet Soil,high_model_reliability,high,FALSE,low,Alkaline Soil,low_model_reliability,high,FALSE,high,Requires Fertile Soil,high_model_reliability,"L=high,M=med,R=med",0.041666666666666664,FALSE,joint_prob_below_threshold
Lantana camara,4.927917095261891,5.2525228369921795,7.193989001796728,7.621086558958736,9.976979424177673,MAG,med,FALSE,medium,Partial Sun,,med,FALSE,medium,Temperate,,high,FALSE,high,Requires Wet Soil,high_model_reliability,high,FALSE,low,Alkaline Soil,low_model_reliability,high,FALSE,high,Requires Fertile Soil,high_model_reliability,"L=high,M=med,R=med",0.009333333333333334,FALSE,joint_prob_below_threshold
Laphangium luteoalbum,7.637039628224909,2.7918562499395767,7.660539733829747,6.8614806940760404,7.5965541633172,MAG,high,FALSE,medium,Full Sun,,low,FALSE,medium,Cool Climate,,high,FALSE,high,Requires Wet Soil,high_model_reliability,high,TRUE,very_low,Alkaline Soil,borderline; low_model_reliability,high,FALSE,high,Requires Fertile Soil,high_model_reliability,"L=high,M=med,R=med",0.04933333333333333,FALSE,joint_prob_below_threshold
Lapsana communis,5.230348544687337,4.060115717915101,8.679253317788845,8.274342666365902,12.43096499728902,MAG,med,FALSE,medium,Partial Sun,,med,FALSE,medium,Temperate,,high,FALSE,high,Requires Wet Soil,high_model_reliability,high,FALSE,low,Alkaline Soil,low_model_reliability,high,FALSE,high,Requires Fertile Soil,high_model_reliability,"L=high,M=med,R=med",0.001,FALSE,joint_prob_below_threshold
Larix decidua,5.474687825685766,6.311489009942984,7.168380842097809,6.695648969724206,8.78355164169901,MAG,med,FALSE,medium,Partial Sun,,med,TRUE,low,Temperate,borderline,high,FALSE,high,Requires Wet Soil,high_model_reliability,high,TRUE,very_low,Alkaline Soil,borderline; low_model_reliability,high,FALSE,high,Requires Fertile Soil,high_model_reliability,"L=high,M=med,R=med",0.041666666666666664,FALSE,joint_prob_below_threshold
Larix gmelinii,5.353701513761712,6.158504841436754,7.640744728712312,6.773428966647068,9.375499809728629,MAG,med,FALSE,medium,Partial Sun,,med,TRUE,low,Temperate,borderline,high,FALSE,high,Requires Wet Soil,high_model_reliability,high,TRUE,very_low,Alkaline Soil,borderline; low_model_reliability,high,FALSE,high,Requires Fertile Soil,high_model_reliability,"L=high,M=med,R=med",0.02,FALSE,joint_prob_below_threshold
Larix kaempferi,5.307936981583608,6.1329840027773415,7.950273152207962,7.020527838017523,9.874823960508667,MAG,med,FALSE,medium,Partial Sun,,med,TRUE,low,Temperate,borderline,high,FALSE,high,Requires Wet Soil,high_model_reliability,high,FALSE,low,Alkaline Soil,low_model_reliability,high,FALSE,high,Requires Fertile Soil,high_model_reliability,"L=high,M=med,R=med",0.010666666666666666,FALSE,joint_prob_below_threshold
Larix laricina,5.8061103864355905,5.760529819007864,7.315778347752179,6.548611243619264,8.470090140934701,MAG,med,FALSE,medium,Partial Sun,,med,FALSE,medium,Temperate,,high,FALSE,high,Requires Wet Soil,high_model_reliability,high,TRUE,very_low,Alkaline Soil,borderline; low_model_reliability,high,FALSE,high,Requires Fertile Soil,high_model_reliability,"L=high,M=med,R=med",0.04833333333333333,FALSE,joint_prob_below_threshold
Laserpitium latifolium,4.664227873055815,4.6919965291534576,7.430853262242593,8.1404308193586,10.518994120090388,MAG,med,FALSE,medium,Partial Sun,,med,FALSE,medium,Temperate,,high,FALSE,high,Requires Wet Soil,high_model_reliability,high,FALSE,low,Alkaline Soil,low_model_reliability,high,FALSE,high,Requires Fertile Soil,high_model_reliability,"L=high,M=med,R=med",0.0026666666666666666,FALSE,joint_prob_below_threshold
Laserpitium nitidum,5.174114898792638,4.4501945520898065,7.289511544640424,8.039497653973255,9.915039459804117,MAG,med,FALSE,medium,Partial Sun,,med,FALSE,medium,Temperate,,high,FALSE,high,Requires Wet Soil,high_model_reliability,high,FALSE,low,Alkaline Soil,low_model_reliability,high,FALSE,high,Requires Fertile Soil,high_model_reliability,"L=high,M=med,R=med",0.007333333333333333,FALSE,joint_prob_below_threshold
Lathyrus linifolius,5.7719051065515705,4.522344210981669,4.942121734798499,7.2973696361213,7.139697832072329,MAG,med,FALSE,medium,Partial Sun,,med,FALSE,medium,Temperate,,med,FALSE,high,Average Moisture,high_model_reliability,high,FALSE,low,Alkaline Soil,low_model_reliability,high,FALSE,high,Requires Fertile Soil,high_model_reliability,"L=high,M=med,R=med",0.072,FALSE,joint_prob_below_threshold
Lathyrus pratensis,5.418573375442991,4.60604915384317,5.865674238194735,7.6193451127553296,8.599353994130738,MAG,med,FALSE,medium,Partial Sun,,med,FALSE,medium,Temperate,,med,FALSE,high,Average Moisture,high_model_reliability,high,FALSE,low,Alkaline Soil,low_model_reliability,high,FALSE,high,Requires Fertile Soil,high_model_reliability,"L=high,M=med,R=med",0.032,FALSE,joint_prob_below_threshold
Lathyrus vernus,5.171551634083452,4.566973991047284,6.508832018043931,8.084542323836633,10.10581864199922,MAG,med,FALSE,medium,Partial Sun,,med,FALSE,medium,Temperate,,high,TRUE,medium,Requires Wet Soil,borderline; high_model_reliability,high,FALSE,low,Alkaline Soil,low_model_reliability,high,FALSE,high,Requires Fertile Soil,high_model_reliability,"L=high,M=med,R=med",0.011333333333333334,FALSE,joint_prob_below_threshold
Laurus nobilis,3.966150585900451,6.6990577685009125,5.564400014100199,7.401055348895253,8.984471047029423,MAG,med,TRUE,low,Partial Sun,borderline,high,TRUE,low,Warm Climate,borderline,med,FALSE,high,Average Moisture,high_model_reliability,high,FALSE,low,Alkaline Soil,low_model_reliability,high,FALSE,high,Requires Fertile Soil,high_model_reliability,"L=high,M=med,R=med",0.006666666666666667,FALSE,joint_prob_below_threshold
Legousia speculum-veneris,7.28345873056051,3.4991372986515596,7.011988071204635,7.159326203997324,7.176084688566542,MAG,high,FALSE,medium,Full Sun,,low,TRUE,low,Cool Climate,borderline,high,FALSE,high,Requires Wet Soil,high_model_reliability,high,FALSE,low,Alkaline Soil,low_model_reliability,high,FALSE,high,Requires Fertile Soil,high_model_reliability,"L=high,M=med,R=med",0.08133333333333333,FALSE,joint_prob_below_threshold
Leontodon hispidus,6.123376621398022,3.8474786005447146,7.034689500667206,7.671920095766971,8.57938984611155,MAG,med,TRUE,low,Partial Sun,borderline,med,TRUE,low,Temperate,borderline,high,FALSE,high,Requires Wet Soil,high_model_reliability,high,FALSE,low,Alkaline Soil,low_model_reliability,high,FALSE,high,Requires Fertile Soil,high_model_reliability,"L=high,M=med,R=med",0.03166666666666667,FALSE,joint_prob_below_threshold
Lepidium densiflorum,6.702091600522163,3.758107531547117,7.46678770377352,7.460964890186104,8.833379884215967,MAG,high,TRUE,low,Full Sun,borderline,med,TRUE,low,Temperate,borderline,high,FALSE,high,Requires Wet Soil,high_model_reliability,high,FALSE,low,Alkaline Soil,low_model_reliability,high,FALSE,high,Requires Fertile Soil,high_model_reliability,"L=high,M=med,R=med",0.032,FALSE,joint_prob_below_threshold
Lepidium latifolium,5.650164457737366,3.8088711709105336,8.91748031910583,7.965606471069887,11.725030490553488,MAG,med,FALSE,medium,Partial Sun,,med,TRUE,low,Temperate,borderline,high,FALSE,high,Requires Wet Soil,high_model_reliability,high,FALSE,low,Alkaline Soil,low_model_reliability,high,FALSE,high,Requires Fertile Soil,high_model_reliability,"L=high,M=med,R=med",0.001,FALSE,joint_prob_below_threshold
Lepidium ruderale,7.125289732010685,3.3916493543940076,6.627560891343095,7.104484968876343,7.669647811026709,MAG,high,FALSE,medium,Full Sun,,low,TRUE,low,Cool Climate,borderline,high,TRUE,medium,Requires Wet Soil,borderline; high_model_reliability,high,FALSE,low,Alkaline Soil,low_model_reliability,high,FALSE,high,Requires Fertile Soil,high_model_reliability,"L=high,M=med,R=med",0.11333333333333333,FALSE,joint_prob_below_threshold
Lepidium virginicum,6.088281668628875,3.8789355256511273,7.673609814700766,7.649327013727723,9.851972618400016,MAG,med,TRUE,low,Partial Sun,borderline,med,TRUE,low,Temperate,borderline,high,FALSE,high,Requires Wet Soil,high_model_reliability,high,FALSE,low,Alkaline Soil,low_model_reliability,high,FALSE,high,Requires Fertile Soil,high_model_reliability,"L=high,M=med,R=med",0.016666666666666666,FALSE,joint_prob_below_threshold
Leucanthemopsis alpina,7.840377755115979,3.243808002808763,5.187527250928525,6.739579720355456,4.426618421168684,MAG,high,FALSE,medium,Full Sun,,low,TRUE,low,Cool Climate,borderline,med,FALSE,high,Average Moisture,high_model_reliability,high,TRUE,very_low,Alkaline Soil,borderline; low_model_reliability,med,FALSE,high,Average/Rich Soil,high_model_reliability,"L=high,M=med,R=med",0.27,FALSE,joint_prob_below_threshold
Leucanthemum heterophyllum,6.177311366061462,4.036838453867848,8.207337732661053,7.779240930057123,9.900186575119168,MAG,med,TRUE,low,Partial Sun,borderline,med,FALSE,medium,Temperate,,high,FALSE,high,Requires Wet Soil,high_model_reliability,high,FALSE,low,Alkaline Soil,low_model_reliability,high,FALSE,high,Requires Fertile Soil,high_model_reliability,"L=high,M=med,R=med",0.006666666666666667,FALSE,joint_prob_below_threshold
Leucanthemum ircutianum,6.544345153398704,4.016552962871396,7.554554176092294,7.53789243474978,8.408368503228221,MAG,high,TRUE,low,Full Sun,borderline,med,FALSE,medium,Temperate,,high,FALSE,high,Requires Wet Soil,high_model_reliability,high,FALSE,low,Alkaline Soil,low_model_reliability,high,FALSE,high,Requires Fertile Soil,high_model_reliability,"L=high,M=med,R=med",0.026,FALSE,joint_prob_below_threshold
Leucanthemum vulgare,6.628128754388648,3.9018388990835953,7.444954014730525,7.419441080087319,8.12312023059626,MAG,high,TRUE,low,Full Sun,borderline,med,TRUE,low,Temperate,borderline,high,FALSE,high,Requires Wet Soil,high_model_reliability,high,FALSE,low,Alkaline Soil,low_model_reliability,high,FALSE,high,Requires Fertile Soil,high_model_reliability,"L=high,M=med,R=med",0.03333333333333333,FALSE,joint_prob_below_threshold
Leucojum vernum,5.612028573392591,4.311640694617843,7.936554341775398,8.810403875993234,11.478282598936278,MAG,med,FALSE,medium,Partial Sun,,med,FALSE,medium,Temperate,,high,FALSE,high,Requires Wet Soil,high_model_reliability,high,FALSE,low,Alkaline Soil,low_model_reliability,high,FALSE,high,Requires Fertile Soil,high_model_reliability,"L=high,M=med,R=med",0.0023333333333333335,FALSE,joint_prob_below_threshold
Ligustrum lucidum,4.5427213607079455,5.764768858558283,6.469887837845521,7.316087544590512,9.151825831947653,MAG,med,FALSE,medium,Partial Sun,,med,FALSE,medium,Temperate,,med,TRUE,medium,Average Moisture,borderline; high_model_reliability,high,FALSE,low,Alkaline Soil,low_model_reliability,high,FALSE,high,Requires Fertile Soil,high_model_reliability,"L=high,M=med,R=med",0.013,FALSE,joint_prob_below_threshold
Ligustrum sinense,4.910863464369949,5.665641376663413,5.870333196083099,6.981475802284529,8.255460976677567,MAG,med,FALSE,medium,Partial Sun,,med,FALSE,medium,Temperate,,med,FALSE,high,Average Moisture,high_model_reliability,high,TRUE,very_low,Alkaline Soil,borderline; low_model_reliability,high,FALSE,high,Requires Fertile Soil,high_model_reliability,"L=high,M=med,R=med",0.035666666666666666,FALSE,joint_prob_below_threshold
Ligustrum vulgare,5.082757761913435,5.406455540427501,5.00432459111734,6.713548755865521,7.024897766659661,MAG,med,FALSE,medium,Partial Sun,,med,FALSE,medium,Temperate,,med,FALSE,high,Average Moisture,high_model_reliability,high,TRUE,very_low,Alkaline Soil,borderline; low_model_reliability,high,FALSE,high,Requires Fertile Soil,high_model_reliability,"L=high,M=med,R=med",0.05266666666666667,FALSE,joint_prob_below_threshold
Lilium bulbiferum,5.677300957677025,4.92492305324706,7.941008249736909,8.146944459294236,10.539035617004703,MAG,med,FALSE,medium,Partial Sun,,med,FALSE,medium,Temperate,,high,FALSE,high,Requires Wet Soil,high_model_reliability,high,FALSE,low,Alkaline Soil,low_model_reliability,high,FALSE,high,Requires Fertile Soil,high_model_reliability,"L=high,M=med,R=med",0.005,FALSE,joint_prob_below_threshold
Lilium martagon,5.069834109645396,4.668619471823161,8.608232233870021,8.590122033121695,12.625054743402911,MAG,med,FALSE,medium,Partial Sun,,med,FALSE,medium,Temperate,,high,FALSE,high,Requires Wet Soil,high_model_reliability,high,FALSE,low,Alkaline Soil,low_model_reliability,high,FALSE,high,Requires Fertile Soil,high_model_reliability,"L=high,M=med,R=med",6.666666666666666e-4,FALSE,joint_prob_below_threshold
Linaria alpina,8.006716909419735,3.2577164681510316,5.210280407445909,6.606383490356554,4.4082379689959454,MAG,high,FALSE,medium,Full Sun,,low,TRUE,low,Cool Climate,borderline,med,FALSE,high,Average Moisture,high_model_reliability,high,TRUE,very_low,Alkaline Soil,borderline; low_model_reliability,med,FALSE,high,Average/Rich Soil,high_model_reliability,"L=high,M=med,R=med",0.2966666666666667,FALSE,joint_prob_below_threshold
Linaria dalmatica,6.665728205443221,3.724373334094228,7.198831802649492,6.974873038992563,7.575615879149458,MAG,high,TRUE,low,Full Sun,borderline,med,TRUE,low,Temperate,borderline,high,FALSE,high,Requires Wet Soil,high_model_reliability,high,TRUE,very_low,Alkaline Soil,borderline; low_model_reliability,high,FALSE,high,Requires Fertile Soil,high_model_reliability,"L=high,M=med,R=med",0.063,FALSE,joint_prob_below_threshold
Linaria purpurea,7.165658345466392,3.879239821393628,7.613805687783859,7.031901984803149,7.548600287196717,MAG,high,FALSE,medium,Full Sun,,med,TRUE,low,Temperate,borderline,high,FALSE,high,Requires Wet Soil,high_model_reliability,high,FALSE,low,Alkaline Soil,low_model_reliability,high,FALSE,high,Requires Fertile Soil,high_model_reliability,"L=high,M=med,R=med",0.04566666666666667,FALSE,joint_prob_below_threshold
Linaria vulgaris,6.978888562336438,3.794459675495246,7.633807713253118,7.1576801787542585,7.8803743359847855,MAG,high,TRUE,low,Full Sun,borderline,med,TRUE,low,Temperate,borderline,high,FALSE,high,Requires Wet Soil,high_model_reliability,high,FALSE,low,Alkaline Soil,low_model_reliability,high,FALSE,high,Requires Fertile Soil,high_model_reliability,"L=high,M=med,R=med",0.039,FALSE,joint_prob_below_threshold
Lindernia dubia,8.03045488418215,2.319928342126814,8.179577178106104,7.075922026080182,7.404415654560452,MAG,high,FALSE,medium,Full Sun,,low,FALSE,medium,Cool Climate,,high,FALSE,high,Requires Wet Soil,high_model_reliability,high,FALSE,low,Alkaline Soil,low_model_reliability,high,FALSE,high,Requires Fertile Soil,high_model_reliability,"L=high,M=med,R=med",0.021,FALSE,joint_prob_below_threshold
Linnaea borealis,7.122775538680389,3.9528133536868695,5.623310732423352,6.929335084516044,5.358622595354239,MAG,high,FALSE,medium,Full Sun,,med,TRUE,low,Temperate,borderline,med,FALSE,high,Average Moisture,high_model_reliability,high,TRUE,very_low,Alkaline Soil,borderline; low_model_reliability,med,FALSE,high,Average/Rich Soil,high_model_reliability,"L=high,M=med,R=med",0.19833333333333333,FALSE,joint_prob_below_threshold
Linum catharticum,7.948906215116877,3.297032023632322,5.013575542372258,6.228036191472049,3.916512466522632,MAG,high,FALSE,medium,Full Sun,,low,TRUE,low,Cool Climate,borderline,med,FALSE,high,Average Moisture,high_model_reliability,med,TRUE,very_low,Neutral Soil,borderline; low_model_reliability,med,TRUE,medium,Average/Rich Soil,borderline; high_model_reliability,"L=high,M=med,R=med",0.3626666666666667,FALSE,joint_prob_below_threshold
Linum perenne,6.777605859465105,4.483027609576771,6.140590355481491,7.077559193435144,6.942651367373241,MAG,high,TRUE,low,Full Sun,borderline,med,FALSE,medium,Temperate,,med,TRUE,medium,Average Moisture,borderline; high_model_reliability,high,FALSE,low,Alkaline Soil,low_model_reliability,high,TRUE,medium,Requires Fertile Soil,borderline; high_model_reliability,"L=high,M=med,R=med",0.12966666666666668,FALSE,joint_prob_below_threshold
Linum tenuifolium,7.006127702456045,4.159259527471558,5.408158812303854,6.750837003820038,5.680536527525039,MAG,high,FALSE,medium,Full Sun,,med,FALSE,medium,Temperate,,med,FALSE,high,Average Moisture,high_model_reliability,high,TRUE,very_low,Alkaline Soil,borderline; low_model_reliability,med,FALSE,high,Average/Rich Soil,high_model_reliability,"L=high,M=med,R=med",0.225,FALSE,joint_prob_below_threshold
Linum usitatissimum,6.028791913642723,4.594760519600636,6.160903667405076,7.409170845851425,8.922570545023104,MAG,med,TRUE,low,Partial Sun,borderline,med,FALSE,medium,Temperate,,med,TRUE,medium,Average Moisture,borderline; high_model_reliability,high,FALSE,low,Alkaline Soil,low_model_reliability,high,FALSE,high,Requires Fertile Soil,high_model_reliability,"L=high,M=med,R=med",0.069,FALSE,joint_prob_below_threshold
Liriodendron tulipifera,3.2452602937261386,6.625325830188248,9.549251683412033,8.39459607734674,14.246312972378933,MAG,low,TRUE,low,Deep/Partial Shade,borderline,high,TRUE,low,Warm Climate,borderline,high,FALSE,high,Requires Wet Soil,high_model_reliability,high,FALSE,low,Alkaline Soil,low_model_reliability,high,FALSE,high,Requires Fertile Soil,high_model_reliability,"L=high,M=med,R=med",0,FALSE,joint_prob_below_threshold
Littorella uniflora,7.191165079561158,3.619491659390465,6.176147205020814,7.291529565105549,6.658580502809829,MAG,high,FALSE,medium,Full Sun,,med,TRUE,low,Temperate,borderline,med,TRUE,medium,Average Moisture,borderline; high_model_reliability,high,FALSE,low,Alkaline Soil,low_model_reliability,high,TRUE,medium,Requires Fertile Soil,borderline; high_model_reliability,"L=high,M=med,R=med",0.128,FALSE,joint_prob_below_threshold
Lobelia dortmanna,7.563368350169941,3.043611194749641,7.798163916728235,7.242150485121318,7.734320056602036,MAG,high,FALSE,medium,Full Sun,,low,TRUE,low,Cool Climate,borderline,high,FALSE,high,Requires Wet Soil,high_model_reliability,high,FALSE,low,Alkaline Soil,low_model_reliability,high,FALSE,high,Requires Fertile Soil,high_model_reliability,"L=high,M=med,R=med",0.028333333333333332,FALSE,joint_prob_below_threshold
Lolium multiflorum,5.995755643485492,4.351793969850578,6.719887718617246,7.546692549176263,8.334919343075581,MAG,med,FALSE,medium,Partial Sun,,med,FALSE,medium,Temperate,,high,TRUE,medium,Requires Wet Soil,borderline; high_model_reliability,high,FALSE,low,Alkaline Soil,low_model_reliability,high,FALSE,high,Requires Fertile Soil,high_model_reliability,"L=high,M=med,R=med",0.042333333333333334,FALSE,joint_prob_below_threshold
Lolium perenne,6.184373106697341,4.127283358048264,6.751120040126349,7.580006942653185,8.423105329312149,MAG,med,TRUE,low,Partial Sun,borderline,med,FALSE,medium,Temperate,,high,TRUE,medium,Requires Wet Soil,borderline; high_model_reliability,high,FALSE,low,Alkaline Soil,low_model_reliability,high,FALSE,high,Requires Fertile Soil,high_model_reliability,"L=high,M=med,R=med",0.04633333333333333,FALSE,joint_prob_below_threshold
Lolium rigidum,5.556064559203749,4.087029426263623,6.2124345654307325,7.468053042748268,8.01522510648814,MAG,med,FALSE,medium,Partial Sun,,med,FALSE,medium,Temperate,,med,TRUE,medium,Average Moisture,borderline; high_model_reliability,high,FALSE,low,Alkaline Soil,low_model_reliability,high,FALSE,high,Requires Fertile Soil,high_model_reliability,"L=high,M=med,R=med",0.041666666666666664,FALSE,joint_prob_below_threshold
Lomelosia caucasica,5.7464341510174854,4.785529291254943,7.327896368784613,7.780186568894789,8.98282109091783,MAG,med,FALSE,medium,Partial Sun,,med,FALSE,medium,Temperate,,high,FALSE,high,Requires Wet Soil,high_model_reliability,high,FALSE,low,Alkaline Soil,low_model_reliability,high,FALSE,high,Requires Fertile Soil,high_model_reliability,"L=high,M=med,R=med",0.015333333333333332,FALSE,joint_prob_below_threshold
Lonicera caprifolium,4.971059537013442,5.53259419030688,8.49623042558175,8.008437422219206,11.014320044100195,MAG,med,FALSE,medium,Partial Sun,,med,FALSE,medium,Temperate,,high,FALSE,high,Requires Wet Soil,high_model_reliability,high,FALSE,low,Alkaline Soil,low_model_reliability,high,FALSE,high,Requires Fertile Soil,high_model_reliability,"L=high,M=med,R=med",0.0013333333333333333,FALSE,joint_prob_below_threshold
Lonicera etrusca,5.7459077144788475,4.935825824855996,6.794735827926081,7.549985136075258,8.355373822376889,MAG,med,FALSE,medium,Partial Sun,,med,FALSE,medium,Temperate,,high,TRUE,medium,Requires Wet Soil,borderline; high_model_reliability,high,FALSE,low,Alkaline Soil,low_model_reliability,high,FALSE,high,Requires Fertile Soil,high_model_reliability,"L=high,M=med,R=med",0.035333333333333335,FALSE,joint_prob_below_threshold
Lonicera implexa,5.20614267893346,5.369249087629942,7.239233218616823,7.648315619397076,9.430463356863536,MAG,med,FALSE,medium,Partial Sun,,med,FALSE,medium,Temperate,,high,FALSE,high,Requires Wet Soil,high_model_reliability,high,FALSE,low,Alkaline Soil,low_model_reliability,high,FALSE,high,Requires Fertile Soil,high_model_reliability,"L=high,M=med,R=med",0.012,FALSE,joint_prob_below_threshold
Lonicera periclymenum,5.105638174199146,5.39000250302822,8.133069054261748,7.81788453731385,10.692210560634582,MAG,med,FALSE,medium,Partial Sun,,med,FALSE,medium,Temperate,,high,FALSE,high,Requires Wet Soil,high_model_reliability,high,FALSE,low,Alkaline Soil,low_model_reliability,high,FALSE,high,Requires Fertile Soil,high_model_reliability,"L=high,M=med,R=med",0.0026666666666666666,FALSE,joint_prob_below_threshold
Lotus corniculatus,6.457941936968885,3.9573836193712353,5.5713892174060815,7.003999405859449,6.783051375831959,MAG,med,TRUE,low,Partial Sun,borderline,med,TRUE,low,Temperate,borderline,med,FALSE,high,Average Moisture,high_model_reliability,high,FALSE,low,Alkaline Soil,low_model_reliability,high,TRUE,medium,Requires Fertile Soil,borderline; high_model_reliability,"L=high,M=med,R=med",0.13633333333333333,FALSE,joint_prob_below_threshold
Lotus pedunculatus,6.387094537232607,3.9722693019787223,7.809320970461688,7.66330240917206,9.60832694065058,MAG,med,TRUE,low,Partial Sun,borderline,med,TRUE,low,Temperate,borderline,high,FALSE,high,Requires Wet Soil,high_model_reliability,high,FALSE,low,Alkaline Soil,low_model_reliability,high,FALSE,high,Requires Fertile Soil,high_model_reliability,"L=high,M=med,R=med",0.013333333333333334,FALSE,joint_prob_below_threshold
Lupinus perennis,5.935302022409056,4.901545528298928,6.387148884323016,7.875580977769044,8.400619776499063,MAG,med,FALSE,medium,Partial Sun,,med,FALSE,medium,Temperate,,med,TRUE,medium,Average Moisture,borderline; high_model_reliability,high,FALSE,low,Alkaline Soil,low_model_reliability,high,FALSE,high,Requires Fertile Soil,high_model_reliability,"L=high,M=med,R=med",0.03666666666666667,FALSE,joint_prob_below_threshold
Lupinus polyphyllus,4.847577230962951,5.273110800686386,7.760335159535456,8.313677486842304,11.47083605199266,MAG,med,FALSE,medium,Partial Sun,,med,FALSE,medium,Temperate,,high,FALSE,high,Requires Wet Soil,high_model_reliability,high,FALSE,low,Alkaline Soil,low_model_reliability,high,FALSE,high,Requires Fertile Soil,high_model_reliability,"L=high,M=med,R=med",0.0016666666666666668,FALSE,joint_prob_below_threshold
Luzula alpinopilosa,6.833496311379886,3.469827942900138,7.370605266590587,7.444977763368154,8.293598425311018,MAG,high,TRUE,low,Full Sun,borderline,low,TRUE,low,Cool Climate,borderline,high,FALSE,high,Requires Wet Soil,high_model_reliability,high,FALSE,low,Alkaline Soil,low_model_reliability,high,FALSE,high,Requires Fertile Soil,high_model_reliability,"L=high,M=med,R=med",0.04033333333333333,FALSE,joint_prob_below_threshold
Luzula campestris,6.829595804224814,3.5983868050641217,6.099953459940891,7.176885608397693,6.8649768579783625,MAG,high,TRUE,low,Full Sun,borderline,med,TRUE,low,Temperate,borderline,med,TRUE,medium,Average Moisture,borderline; high_model_reliability,high,FALSE,low,Alkaline Soil,low_model_reliability,high,TRUE,medium,Requires Fertile Soil,borderline; high_model_reliability,"L=high,M=med,R=med",0.12966666666666668,FALSE,joint_prob_below_threshold
Luzula forsteri,6.612624284950461,3.8479333994375167,5.921065537730941,7.179048350216223,6.597808578132827,MAG,high,TRUE,low,Full Sun,borderline,med,TRUE,low,Temperate,borderline,med,FALSE,high,Average Moisture,high_model_reliability,high,FALSE,low,Alkaline Soil,low_model_reliability,high,TRUE,medium,Requires Fertile Soil,borderline; high_model_reliability,"L=high,M=med,R=med",0.12033333333333333,FALSE,joint_prob_below_threshold
Luzula multiflora,6.7752173978659656,3.6971917352543344,6.09437009453249,7.079104632424156,6.749310891918343,MAG,high,TRUE,low,Full Sun,borderline,med,TRUE,low,Temperate,borderline,med,TRUE,medium,Average Moisture,borderline; high_model_reliability,high,FALSE,low,Alkaline Soil,low_model_reliability,high,TRUE,medium,Requires Fertile Soil,borderline; high_model_reliability,"L=high,M=med,R=med",0.13266666666666665,FALSE,joint_prob_below_threshold
Luzula nivea,6.1683609557521635,4.045503309694189,7.4691363629578,7.410702127739441,8.922925927093937,MAG,med,TRUE,low,Partial Sun,borderline,med,FALSE,medium,Temperate,,high,FALSE,high,Requires Wet Soil,high_model_reliability,high,FALSE,low,Alkaline Soil,low_model_reliability,high,FALSE,high,Requires Fertile Soil,high_model_reliability,"L=high,M=med,R=med",0.026,FALSE,joint_prob_below_threshold
Luzula pilosa,6.362414581082969,3.965974232437182,6.822764919931021,7.469320289634244,7.888641640634741,MAG,med,TRUE,low,Partial Sun,borderline,med,TRUE,low,Temperate,borderline,high,TRUE,medium,Requires Wet Soil,borderline; high_model_reliability,high,FALSE,low,Alkaline Soil,low_model_reliability,high,FALSE,high,Requires Fertile Soil,high_model_reliability,"L=high,M=med,R=med",0.050333333333333334,FALSE,joint_prob_below_threshold
Luzula spicata,7.686472869278415,3.52477190047175,5.2853461795940095,6.475823223535267,4.293084262220914,MAG,high,FALSE,medium,Full Sun,,med,TRUE,low,Temperate,borderline,med,FALSE,high,Average Moisture,high_model_reliability,med,TRUE,very_low,Neutral Soil,borderline; low_model_reliability,med,FALSE,high,Average/Rich Soil,high_model_reliability,"L=high,M=med,R=med",0.30366666666666664,FALSE,joint_prob_below_threshold
Luzula sudetica,6.773472730283462,3.491978082173214,7.014954878406169,7.393305818243799,8.328219163903276,MAG,high,TRUE,low,Full Sun,borderline,low,TRUE,low,Cool Climate,borderline,high,FALSE,high,Requires Wet Soil,high_model_reliability,high,FALSE,low,Alkaline Soil,low_model_reliability,high,FALSE,high,Requires Fertile Soil,high_model_reliability,"L=high,M=med,R=med",0.059,FALSE,joint_prob_below_threshold
Lycopus europaeus,6.3914837453077915,3.945461736948162,8.01186583838753,7.478446488692156,9.201009286406531,MAG,med,TRUE,low,Partial Sun,borderline,med,TRUE,low,Temperate,borderline,high,FALSE,high,Requires Wet Soil,high_model_reliability,high,FALSE,low,Alkaline Soil,low_model_reliability,high,FALSE,high,Requires Fertile Soil,high_model_reliability,"L=high,M=med,R=med",0.012333333333333333,FALSE,joint_prob_below_threshold
Lysimachia europaea,7.030203695967767,3.479617455026197,5.568812421578212,7.001084007120196,5.879371540792245,MAG,high,FALSE,medium,Full Sun,,low,TRUE,low,Cool Climate,borderline,med,FALSE,high,Average Moisture,high_model_reliability,high,FALSE,low,Alkaline Soil,low_model_reliability,med,FALSE,high,Average/Rich Soil,high_model_reliability,"L=high,M=med,R=med",0.18266666666666667,FALSE,joint_prob_below_threshold
Lysimachia maritima,7.589132117222535,3.557975509420366,5.906906085027435,6.8759502771525485,5.4335016327599375,MAG,high,FALSE,medium,Full Sun,,med,TRUE,low,Temperate,borderline,med,FALSE,high,Average Moisture,high_model_reliability,high,TRUE,very_low,Alkaline Soil,borderline; low_model_reliability,med,FALSE,high,Average/Rich Soil,high_model_reliability,"L=high,M=med,R=med",0.20333333333333334,FALSE,joint_prob_below_threshold
Lysimachia nummularia,6.916194540826658,3.6383339359130846,7.133957552044791,7.153490884623584,7.436942847095312,MAG,high,TRUE,low,Full Sun,borderline,med,TRUE,low,Temperate,borderline,high,FALSE,high,Requires Wet Soil,high_model_reliability,high,FALSE,low,Alkaline Soil,low_model_reliability,high,FALSE,high,Requires Fertile Soil,high_model_reliability,"L=high,M=med,R=med",0.067,FALSE,joint_prob_below_threshold
Lysimachia vulgaris,5.962376441282542,3.9231522808861774,8.157116428999702,7.61328612359705,9.82622056151522,MAG,med,FALSE,medium,Partial Sun,,med,TRUE,low,Temperate,borderline,high,FALSE,high,Requires Wet Soil,high_model_reliability,high,FALSE,low,Alkaline Soil,low_model_reliability,high,FALSE,high,Requires Fertile Soil,high_model_reliability,"L=high,M=med,R=med",0.007666666666666666,FALSE,joint_prob_below_threshold
Lythrum salicaria,6.626401316998473,3.5605234800766756,7.808393911408097,7.053020311179141,8.369198887266327,MAG,high,TRUE,low,Full Sun,borderline,med,TRUE,low,Temperate,borderline,high,FALSE,high,Requires Wet Soil,high_model_reliability,high,FALSE,low,Alkaline Soil,low_model_reliability,high,FALSE,high,Requires Fertile Soil,high_model_reliability,"L=high,M=med,R=med",0.025333333333333333,FALSE,joint_prob_below_threshold
Maackia amurensis,3.421952608535207,5.88264140935757,6.362698756594445,7.428481871761058,10.37548934769381,MAG,low,TRUE,low,Deep/Partial Shade,borderline,med,FALSE,medium,Temperate,,med,TRUE,medium,Average Moisture,borderline; high_model_reliability,high,FALSE,low,Alkaline Soil,low_model_reliability,high,FALSE,high,Requires Fertile Soil,high_model_reliability,"L=high,M=med,R=med",0.0013333333333333333,FALSE,joint_prob_below_threshold
Magnolia grandiflora,3.822316008725496,6.373352557384876,7.837286611377422,7.98374789974763,11.39641589924623,MAG,med,TRUE,low,Partial Sun,borderline,med,TRUE,low,Temperate,borderline,high,FALSE,high,Requires Wet Soil,high_model_reliability,high,FALSE,low,Alkaline Soil,low_model_reliability,high,FALSE,high,Requires Fertile Soil,high_model_reliability,"L=high,M=med,R=med",6.666666666666666e-4,FALSE,joint_prob_below_threshold
Maianthemum bifolium,5.60335017269259,4.268910287150097,5.5522945162625765,7.760352634636388,8.114150729552877,MAG,med,FALSE,medium,Partial Sun,,med,FALSE,medium,Temperate,,med,FALSE,high,Average Moisture,high_model_reliability,high,FALSE,low,Alkaline Soil,low_model_reliability,high,FALSE,high,Requires Fertile Soil,high_model_reliability,"L=high,M=med,R=med",0.038,FALSE,joint_prob_below_threshold
Malus sylvestris,4.561868336519549,5.805231762073276,6.062410013860581,7.137547922425988,8.817368764591468,MAG,med,FALSE,medium,Partial Sun,,med,FALSE,medium,Temperate,,med,TRUE,medium,Average Moisture,borderline; high_model_reliability,high,FALSE,low,Alkaline Soil,low_model_reliability,high,FALSE,high,Requires Fertile Soil,high_model_reliability,"L=high,M=med,R=med",0.016666666666666666,FALSE,joint_prob_below_threshold
Malva sylvestris,5.020097962545869,4.520672584614151,8.115737879612555,8.263431070226058,11.298331522846524,MAG,med,FALSE,medium,Partial Sun,,med,FALSE,medium,Temperate,,high,FALSE,high,Requires Wet Soil,high_model_reliability,high,FALSE,low,Alkaline Soil,low_model_reliability,high,FALSE,high,Requires Fertile Soil,high_model_reliability,"L=high,M=med,R=med",0.002,FALSE,joint_prob_below_threshold
Matthiola incana,6.037756131837855,4.22315710105478,7.543276014705326,7.840623000779686,9.688629039785464,MAG,med,TRUE,low,Partial Sun,borderline,med,FALSE,medium,Temperate,,high,FALSE,high,Requires Wet Soil,high_model_reliability,high,FALSE,low,Alkaline Soil,low_model_reliability,high,FALSE,high,Requires Fertile Soil,high_model_reliability,"L=high,M=med,R=med",0.01633333333333333,FALSE,joint_prob_below_threshold
Medicago lupulina,6.279170136793628,3.983571827109107,6.235176326983002,7.342639758275252,7.945169446197969,MAG,med,TRUE,low,Partial Sun,borderline,med,TRUE,low,Temperate,borderline,med,TRUE,medium,Average Moisture,borderline; high_model_reliability,high,FALSE,low,Alkaline Soil,low_model_reliability,high,FALSE,high,Requires Fertile Soil,high_model_reliability,"L=high,M=med,R=med",0.08,FALSE,joint_prob_below_threshold
Medicago minima,6.967636576325846,3.7442058205277946,5.49756863880432,6.987510864614299,6.773474101432008,MAG,high,TRUE,low,Full Sun,borderline,med,TRUE,low,Temperate,borderline,med,FALSE,high,Average Moisture,high_model_reliability,high,TRUE,very_low,Alkaline Soil,borderline; low_model_reliability,high,TRUE,medium,Requires Fertile Soil,borderline; high_model_reliability,"L=high,M=med,R=med",0.18566666666666667,FALSE,joint_prob_below_threshold
Medicago sativa,6.034348614075234,4.514241798268405,6.716641924944795,7.381641195561295,8.888792690288135,MAG,med,TRUE,low,Partial Sun,borderline,med,FALSE,medium,Temperate,,high,TRUE,medium,Requires Wet Soil,borderline; high_model_reliability,high,FALSE,low,Alkaline Soil,low_model_reliability,high,FALSE,high,Requires Fertile Soil,high_model_reliability,"L=high,M=med,R=med",0.052,FALSE,joint_prob_below_threshold
Melampyrum arvense,5.4996711011394925,4.654803906032607,6.261418512591767,7.828380432325002,9.301322644355489,MAG,med,FALSE,medium,Partial Sun,,med,FALSE,medium,Temperate,,med,TRUE,medium,Average Moisture,borderline; high_model_reliability,high,FALSE,low,Alkaline Soil,low_model_reliability,high,FALSE,high,Requires Fertile Soil,high_model_reliability,"L=high,M=med,R=med",0.026333333333333334,FALSE,joint_prob_below_threshold
Melampyrum cristatum,6.038208449513984,4.364683523999257,6.275054033427907,7.611493375435177,8.155801626685017,MAG,med,TRUE,low,Partial Sun,borderline,med,FALSE,medium,Temperate,,med,TRUE,medium,Average Moisture,borderline; high_model_reliability,high,FALSE,low,Alkaline Soil,low_model_reliability,high,FALSE,high,Requires Fertile Soil,high_model_reliability,"L=high,M=med,R=med",0.05266666666666667,FALSE,joint_prob_below_threshold
Melampyrum pratense,6.223159059875615,4.371958892779405,5.9536549395534415,7.48278148146681,7.465891619545023,MAG,med,TRUE,low,Partial Sun,borderline,med,FALSE,medium,Temperate,,med,FALSE,high,Average Moisture,high_model_reliability,high,FALSE,low,Alkaline Soil,low_model_reliability,high,FALSE,high,Requires Fertile Soil,high_model_reliability,"L=high,M=med,R=med",0.077,FALSE,joint_prob_below_threshold
Melampyrum sylvaticum,6.067999963402872,4.249147582439393,4.4552603597513825,6.926606706066733,5.752491596254312,MAG,med,TRUE,low,Partial Sun,borderline,med,FALSE,medium,Temperate,,med,FALSE,high,Average Moisture,high_model_reliability,high,TRUE,very_low,Alkaline Soil,borderline; low_model_reliability,med,FALSE,high,Average/Rich Soil,high_model_reliability,"L=high,M=med,R=med",0.105,FALSE,joint_prob_below_threshold
Melia azedarach,3.771821727360793,7.09386128996725,6.1277417499775915,7.834450855571009,9.891207121494809,MAG,med,TRUE,low,Partial Sun,borderline,high,FALSE,medium,Warm Climate,,med,TRUE,medium,Average Moisture,borderline; high_model_reliability,high,FALSE,low,Alkaline Soil,low_model_reliability,high,FALSE,high,Requires Fertile Soil,high_model_reliability,"L=high,M=med,R=med",0.003,FALSE,joint_prob_below_threshold
Melica ciliata,6.446086777306016,3.9025874472009,5.596811413858365,6.758614439343442,6.344132635933733,MAG,med,TRUE,low,Partial Sun,borderline,med,TRUE,low,Temperate,borderline,med,FALSE,high,Average Moisture,high_model_reliability,high,TRUE,very_low,Alkaline Soil,borderline; low_model_reliability,med,TRUE,medium,Average/Rich Soil,borderline; high_model_reliability,"L=high,M=med,R=med",0.162,FALSE,joint_prob_below_threshold
Melica nutans,5.9343441291811185,4.253185737061973,5.545024002414242,6.997925017279183,6.984231171734579,MAG,med,FALSE,medium,Partial Sun,,med,FALSE,medium,Temperate,,med,FALSE,high,Average Moisture,high_model_reliability,high,TRUE,very_low,Alkaline Soil,borderline; low_model_reliability,high,TRUE,medium,Requires Fertile Soil,borderline; high_model_reliability,"L=high,M=med,R=med",0.10033333333333333,FALSE,joint_prob_below_threshold
Melica uniflora,6.088111418610862,4.314604224439912,6.270850448439189,7.382953977145205,7.684335679681614,MAG,med,TRUE,low,Partial Sun,borderline,med,FALSE,medium,Temperate,,med,TRUE,medium,Average Moisture,borderline; high_model_reliability,high,FALSE,low,Alkaline Soil,low_model_reliability,high,FALSE,high,Requires Fertile Soil,high_model_reliability,"L=high,M=med,R=med",0.07,FALSE,joint_prob_below_threshold
Melilotus officinalis,5.998070596865438,4.601963591713551,6.935277979378476,7.473812142541064,8.950008861810433,MAG,med,FALSE,medium,Partial Sun,,med,FALSE,medium,Temperate,,high,TRUE,medium,Requires Wet Soil,borderline; high_model_reliability,high,FALSE,low,Alkaline Soil,low_model_reliability,high,FALSE,high,Requires Fertile Soil,high_model_reliability,"L=high,M=med,R=med",0.04133333333333333,FALSE,joint_prob_below_threshold
Melittis melissophyllum,5.395549990493514,4.374063907523064,7.239044251547027,8.11196719557973,10.213065907797002,MAG,med,FALSE,medium,Partial Sun,,med,FALSE,medium,Temperate,,high,FALSE,high,Requires Wet Soil,high_model_reliability,high,FALSE,low,Alkaline Soil,low_model_reliability,high,FALSE,high,Requires Fertile Soil,high_model_reliability,"L=high,M=med,R=med",0.009333333333333334,FALSE,joint_prob_below_threshold
Mentha aquatica,7.007790277218112,3.497303505933591,7.8670716575630575,7.387818320573561,8.029926722982522,MAG,high,FALSE,medium,Full Sun,,low,TRUE,low,Cool Climate,borderline,high,FALSE,high,Requires Wet Soil,high_model_reliability,high,FALSE,low,Alkaline Soil,low_model_reliability,high,FALSE,high,Requires Fertile Soil,high_model_reliability,"L=high,M=med,R=med",0.020666666666666667,FALSE,joint_prob_below_threshold
Mentha arvensis,6.8214032284798725,3.5339052827769586,7.678955380917579,7.359623169868874,8.142613644867595,MAG,high,TRUE,low,Full Sun,borderline,med,TRUE,low,Temperate,borderline,high,FALSE,high,Requires Wet Soil,high_model_reliability,high,FALSE,low,Alkaline Soil,low_model_reliability,high,FALSE,high,Requires Fertile Soil,high_model_reliability,"L=high,M=med,R=med",0.029333333333333333,FALSE,joint_prob_below_threshold
Mentha longifolia,6.345094464674405,3.373424521455416,8.369541594800253,7.376854425963442,9.647945640665258,MAG,med,TRUE,low,Partial Sun,borderline,low,TRUE,low,Cool Climate,borderline,high,FALSE,high,Requires Wet Soil,high_model_reliability,high,FALSE,low,Alkaline Soil,low_model_reliability,high,FALSE,high,Requires Fertile Soil,high_model_reliability,"L=high,M=med,R=med",0.007,FALSE,joint_prob_below_threshold
Menyanthes trifoliata,5.703511151250423,4.035545261290353,6.965397695877109,7.925532151707149,9.110627326206282,MAG,med,FALSE,medium,Partial Sun,,med,FALSE,medium,Temperate,,high,TRUE,medium,Requires Wet Soil,borderline; high_model_reliability,high,FALSE,low,Alkaline Soil,low_model_reliability,high,FALSE,high,Requires Fertile Soil,high_model_reliability,"L=high,M=med,R=med",0.02266666666666667,FALSE,joint_prob_below_threshold
Mercurialis annua,5.6828306632195345,4.086064676722929,7.038831517289459,7.839070077687929,10.163841586197586,MAG,med,FALSE,medium,Partial Sun,,med,FALSE,medium,Temperate,,high,FALSE,high,Requires Wet Soil,high_model_reliability,high,FALSE,low,Alkaline Soil,low_model_reliability,high,FALSE,high,Requires Fertile Soil,high_model_reliability,"L=high,M=med,R=med",0.021666666666666667,FALSE,joint_prob_below_threshold
Mercurialis perennis,5.524113070533447,4.235055450661365,6.657521081459393,7.83625283467997,9.2928370927189,MAG,med,FALSE,medium,Partial Sun,,med,FALSE,medium,Temperate,,high,TRUE,medium,Requires Wet Soil,borderline; high_model_reliability,high,FALSE,low,Alkaline Soil,low_model_reliability,high,FALSE,high,Requires Fertile Soil,high_model_reliability,"L=high,M=med,R=med",0.023,FALSE,joint_prob_below_threshold
Milium effusum,5.711297567448126,4.269227023523694,8.025797909771422,7.746930352221409,10.116545527905062,MAG,med,FALSE,medium,Partial Sun,,med,FALSE,medium,Temperate,,high,FALSE,high,Requires Wet Soil,high_model_reliability,high,FALSE,low,Alkaline Soil,low_model_reliability,high,FALSE,high,Requires Fertile Soil,high_model_reliability,"L=high,M=med,R=med",0.007,FALSE,joint_prob_below_threshold
Minuartia verna,8.54664666335511,3.0658891587931687,5.189898460871368,6.176386193463947,3.3818692193541517,MAG,high,FALSE,medium,Full Sun,,low,TRUE,low,Cool Climate,borderline,med,FALSE,high,Average Moisture,high_model_reliability,med,TRUE,very_low,Neutral Soil,borderline; low_model_reliability,low,TRUE,medium,Poor Soil,borderline; high_model_reliability,"L=high,M=med,R=med",0.356,FALSE,joint_prob_below_threshold
Moehringia trinervia,7.304570342447271,3.3463945356329474,6.592992827321041,6.998561656069896,6.92741124981484,MAG,high,FALSE,medium,Full Sun,,low,TRUE,low,Cool Climate,borderline,high,TRUE,medium,Requires Wet Soil,borderline; high_model_reliability,high,TRUE,very_low,Alkaline Soil,borderline; low_model_reliability,high,TRUE,medium,Requires Fertile Soil,borderline; high_model_reliability,"L=high,M=med,R=med",0.12633333333333333,FALSE,joint_prob_below_threshold
Molinia caerulea,5.93165788569999,4.5572331077455015,7.067991924018778,7.393126300690675,8.357571590961244,MAG,med,FALSE,medium,Partial Sun,,med,FALSE,medium,Temperate,,high,FALSE,high,Requires Wet Soil,high_model_reliability,high,FALSE,low,Alkaline Soil,low_model_reliability,high,FALSE,high,Requires Fertile Soil,high_model_reliability,"L=high,M=med,R=med",0.038,FALSE,joint_prob_below_threshold
Moneses uniflora,8.20746594486924,1.8649923610306056,6.859041197514943,6.540751436667424,5.466300285489697,MAG,high,FALSE,medium,Full Sun,,low,FALSE,medium,Cool Climate,,high,TRUE,medium,Requires Wet Soil,borderline; high_model_reliability,high,TRUE,very_low,Alkaline Soil,borderline; low_model_reliability,med,FALSE,high,Average/Rich Soil,high_model_reliability,"L=high,M=med,R=med",0.143,FALSE,joint_prob_below_threshold
Morus alba,4.165131440854471,5.229965241067063,7.504268806118027,7.579628793228046,10.835752560365908,MAG,med,FALSE,medium,Partial Sun,,med,FALSE,medium,Temperate,,high,FALSE,high,Requires Wet Soil,high_model_reliability,high,FALSE,low,Alkaline Soil,low_model_reliability,high,FALSE,high,Requires Fertile Soil,high_model_reliability,"L=high,M=med,R=med",0.0026666666666666666,FALSE,joint_prob_below_threshold
Muhlenbergia schreberi,6.4771721621863385,4.319111139450093,6.704141878173809,6.920253649464553,7.383575747667058,MAG,med,TRUE,low,Partial Sun,borderline,med,FALSE,medium,Temperate,,high,TRUE,medium,Requires Wet Soil,borderline; high_model_reliability,high,TRUE,very_low,Alkaline Soil,borderline; low_model_reliability,high,FALSE,high,Requires Fertile Soil,high_model_reliability,"L=high,M=med,R=med",0.09033333333333333,FALSE,joint_prob_below_threshold
Myosotis alpestris,7.1208335353099566,3.4878349816878647,5.808856638403116,7.143906867933147,5.933561457665047,MAG,high,FALSE,medium,Full Sun,,low,TRUE,low,Cool Climate,borderline,med,FALSE,high,Average Moisture,high_model_reliability,high,FALSE,low,Alkaline Soil,low_model_reliability,med,FALSE,high,Average/Rich Soil,high_model_reliability,"L=high,M=med,R=med",0.16066666666666668,FALSE,joint_prob_below_threshold
Myosotis arvensis,6.832928141232253,3.789603200519632,8.671546595712044,8.019890465493736,9.235625313144627,MAG,high,TRUE,low,Full Sun,borderline,med,TRUE,low,Temperate,borderline,high,FALSE,high,Requires Wet Soil,high_model_reliability,high,FALSE,low,Alkaline Soil,low_model_reliability,high,FALSE,high,Requires Fertile Soil,high_model_reliability,"L=high,M=med,R=med",0.0033333333333333335,FALSE,joint_prob_below_threshold
Myosotis ramosissima,7.472721187749919,3.2821273904393187,6.289681694262392,7.010788130462339,5.82082228349125,MAG,high,FALSE,medium,Full Sun,,low,TRUE,low,Cool Climate,borderline,med,TRUE,medium,Average Moisture,borderline; high_model_reliability,high,FALSE,low,Alkaline Soil,low_model_reliability,med,FALSE,high,Average/Rich Soil,high_model_reliability,"L=high,M=med,R=med",0.15333333333333332,FALSE,joint_prob_below_threshold
Myosotis scorpioides,6.448760870605578,3.772564905287057,7.683199798928401,7.610803386324751,8.977001502503777,MAG,med,TRUE,low,Partial Sun,borderline,med,TRUE,low,Temperate,borderline,high,FALSE,high,Requires Wet Soil,high_model_reliability,high,FALSE,low,Alkaline Soil,low_model_reliability,high,FALSE,high,Requires Fertile Soil,high_model_reliability,"L=high,M=med,R=med",0.020333333333333332,FALSE,joint_prob_below_threshold
Myosotis sylvatica,6.525029605746454,3.731998019186411,7.038189065803468,7.51432784534575,8.500262565484505,MAG,high,TRUE,low,Full Sun,borderline,med,TRUE,low,Temperate,borderline,high,FALSE,high,Requires Wet Soil,high_model_reliability,high,FALSE,low,Alkaline Soil,low_model_reliability,high,FALSE,high,Requires Fertile Soil,high_model_reliability,"L=high,M=med,R=med",0.045,FALSE,joint_prob_below_threshold
Myriophyllum spicatum,6.744503880450747,4.3039859008795425,9.815780878336644,8.401987621240508,12.520993044101688,MAG,high,TRUE,low,Full Sun,borderline,med,FALSE,medium,Temperate,,high,FALSE,high,Requires Wet Soil,high_model_reliability,high,FALSE,low,Alkaline Soil,low_model_reliability,high,FALSE,high,Requires Fertile Soil,high_model_reliability,"L=high,M=med,R=med",0,FALSE,joint_prob_below_threshold
Myriophyllum verticillatum,6.495449918605377,4.22667012758976,6.87605403309831,7.4675068439428545,8.521734798744008,MAG,med,TRUE,low,Partial Sun,borderline,med,FALSE,medium,Temperate,,high,TRUE,medium,Requires Wet Soil,borderline; high_model_reliability,high,FALSE,low,Alkaline Soil,low_model_reliability,high,FALSE,high,Requires Fertile Soil,high_model_reliability,"L=high,M=med,R=med",0.05433333333333333,FALSE,joint_prob_below_threshold
Myrrhis odorata,4.937497055055438,5.269923808161082,6.224921296967885,7.843219818225774,10.423158336986628,MAG,med,FALSE,medium,Partial Sun,,med,FALSE,medium,Temperate,,med,TRUE,medium,Average Moisture,borderline; high_model_reliability,high,FALSE,low,Alkaline Soil,low_model_reliability,high,FALSE,high,Requires Fertile Soil,high_model_reliability,"L=high,M=med,R=med",0.014,FALSE,joint_prob_below_threshold
Myrtus communis,5.961342155923969,5.236708986745864,4.825341711430353,6.53769657943067,5.688671629576002,MAG,med,FALSE,medium,Partial Sun,,med,FALSE,medium,Temperate,,med,FALSE,high,Average Moisture,high_model_reliability,high,TRUE,very_low,Alkaline Soil,borderline; low_model_reliability,med,FALSE,high,Average/Rich Soil,high_model_reliability,"L=high,M=med,R=med",0.13233333333333333,FALSE,joint_prob_below_threshold
Najas marina,6.617611275418751,4.848631252597038,9.36185494301673,8.484293375940537,11.369457560543044,MAG,high,TRUE,low,Full Sun,borderline,med,FALSE,medium,Temperate,,high,FALSE,high,Requires Wet Soil,high_model_reliability,high,FALSE,low,Alkaline Soil,low_model_reliability,high,FALSE,high,Requires Fertile Soil,high_model_reliability,"L=high,M=med,R=med",3.333333333333333e-4,FALSE,joint_prob_below_threshold
Narcissus poeticus,5.451073494717507,4.509881164409201,7.582802438312982,8.217989640711647,9.894374701881926,MAG,med,FALSE,medium,Partial Sun,,med,FALSE,medium,Temperate,,high,FALSE,high,Requires Wet Soil,high_model_reliability,high,FALSE,low,Alkaline Soil,low_model_reliability,high,FALSE,high,Requires Fertile Soil,high_model_reliability,"L=high,M=med,R=med",0.007,FALSE,joint_prob_below_threshold
Narcissus pseudonarcissus,5.586189836409117,4.421406161499627,7.837703193353724,8.343178633828423,10.906539755895512,MAG,med,FALSE,medium,Partial Sun,,med,FALSE,medium,Temperate,,high,FALSE,high,Requires Wet Soil,high_model_reliability,high,FALSE,low,Alkaline Soil,low_model_reliability,high,FALSE,high,Requires Fertile Soil,high_model_reliability,"L=high,M=med,R=med",0.004,FALSE,joint_prob_below_threshold
Nardus stricta,7.431857380521478,3.60702974748552,5.502812697657305,6.544143070496914,4.6730494807975065,MAG,high,FALSE,medium,Full Sun,,med,TRUE,low,Temperate,borderline,med,FALSE,high,Average Moisture,high_model_reliability,high,TRUE,very_low,Alkaline Soil,borderline; low_model_reliability,med,FALSE,high,Average/Rich Soil,high_model_reliability,"L=high,M=med,R=med",0.2723333333333333,FALSE,joint_prob_below_threshold
Narthecium ossifragum,6.8542368846604065,3.1910365782881795,8.33965204694477,7.67636322581636,9.233384160751458,MAG,high,TRUE,low,Full Sun,borderline,low,TRUE,low,Cool Climate,borderline,high,FALSE,high,Requires Wet Soil,high_model_reliability,high,FALSE,low,Alkaline Soil,low_model_reliability,high,FALSE,high,Requires Fertile Soil,high_model_reliability,"L=high,M=med,R=med",0.008333333333333333,FALSE,joint_prob_below_threshold
Nasturtium officinale,5.446408805369867,3.7564070643201384,9.003892796192623,8.169492034537342,14.183029539220042,MAG,med,FALSE,medium,Partial Sun,,med,TRUE,low,Temperate,borderline,high,FALSE,high,Requires Wet Soil,high_model_reliability,high,FALSE,low,Alkaline Soil,low_model_reliability,high,FALSE,high,Requires Fertile Soil,high_model_reliability,"L=high,M=med,R=med",6.666666666666666e-4,FALSE,joint_prob_below_threshold
Nelumbo nucifera,2.764411907650551,6.157110959607428,9.048871528051482,9.879316174617395,15.456466456677596,MAG,low,FALSE,medium,Deep/Partial Shade,,med,TRUE,low,Temperate,borderline,high,FALSE,high,Requires Wet Soil,high_model_reliability,high,FALSE,low,Alkaline Soil,low_model_reliability,high,FALSE,high,Requires Fertile Soil,high_model_reliability,"L=high,M=med,R=med",0,FALSE,joint_prob_below_threshold
Nerium oleander,5.577175872225882,5.1090897485367295,6.322975130131379,6.892598059754466,7.5530454951674,MAG,med,FALSE,medium,Partial Sun,,med,FALSE,medium,Temperate,,med,TRUE,medium,Average Moisture,borderline; high_model_reliability,high,TRUE,very_low,Alkaline Soil,borderline; low_model_reliability,high,FALSE,high,Requires Fertile Soil,high_model_reliability,"L=high,M=med,R=med",0.067,FALSE,joint_prob_below_threshold
Nuphar lutea,4.287421699127531,4.966847612702658,7.195627986568436,8.61269804170893,11.310331527564632,MAG,med,FALSE,medium,Partial Sun,,med,FALSE,medium,Temperate,,high,FALSE,high,Requires Wet Soil,high_model_reliability,high,FALSE,low,Alkaline Soil,low_model_reliability,high,FALSE,high,Requires Fertile Soil,high_model_reliability,"L=high,M=med,R=med",0.0013333333333333333,FALSE,joint_prob_below_threshold
Nymphaea alba,5.0490085519997425,4.210614259081191,8.384372316195037,8.32647834730599,10.91251961784711,MAG,med,FALSE,medium,Partial Sun,,med,FALSE,medium,Temperate,,high,FALSE,high,Requires Wet Soil,high_model_reliability,high,FALSE,low,Alkaline Soil,low_model_reliability,high,FALSE,high,Requires Fertile Soil,high_model_reliability,"L=high,M=med,R=med",0.0013333333333333333,FALSE,joint_prob_below_threshold
Nymphoides peltata,5.817543291488521,3.580103270828457,8.157191976223169,8.192120454309812,10.525641035208302,MAG,med,FALSE,medium,Partial Sun,,med,TRUE,low,Temperate,borderline,high,FALSE,high,Requires Wet Soil,high_model_reliability,high,FALSE,low,Alkaline Soil,low_model_reliability,high,FALSE,high,Requires Fertile Soil,high_model_reliability,"L=high,M=med,R=med",0.005,FALSE,joint_prob_below_threshold
Oenothera biennis,5.852904133092318,4.141555414050224,8.611633074521826,7.799175062527633,10.180652607495407,MAG,med,FALSE,medium,Partial Sun,,med,FALSE,medium,Temperate,,high,FALSE,high,Requires Wet Soil,high_model_reliability,high,FALSE,low,Alkaline Soil,low_model_reliability,high,FALSE,high,Requires Fertile Soil,high_model_reliability,"L=high,M=med,R=med",0.0026666666666666666,FALSE,joint_prob_below_threshold
Olea europaea,4.730542017096259,6.605948070127482,4.938535782381715,6.842991376431446,7.410722625028803,MAG,med,FALSE,medium,Partial Sun,,high,TRUE,low,Warm Climate,borderline,med,FALSE,high,Average Moisture,high_model_reliability,high,TRUE,very_low,Alkaline Soil,borderline; low_model_reliability,high,FALSE,high,Requires Fertile Soil,high_model_reliability,"L=high,M=med,R=med",0.029333333333333333,FALSE,joint_prob_below_threshold
Ononis striata,7.474920587998708,3.521026880900301,3.4981808069038456,6.728122387028961,3.0917621849173744,MAG,high,FALSE,medium,Full Sun,,med,TRUE,low,Temperate,borderline,low,TRUE,medium,Drought-Tolerant,borderline; high_model_reliability,high,TRUE,very_low,Alkaline Soil,borderline; low_model_reliability,low,TRUE,medium,Poor Soil,borderline; high_model_reliability,"L=high,M=med,R=med",0.14533333333333334,FALSE,joint_prob_below_threshold
Orchis militaris,7.072040028425645,2.40676532856855,11.023173973971486,7.995066096535732,11.80226161247836,MAG,high,FALSE,medium,Full Sun,,low,FALSE,medium,Cool Climate,,high,FALSE,high,Requires Wet Soil,high_model_reliability,high,FALSE,low,Alkaline Soil,low_model_reliability,high,FALSE,high,Requires Fertile Soil,high_model_reliability,"L=high,M=med,R=med",0,FALSE,joint_prob_below_threshold
Origanum vulgare,6.9054305051553575,3.532749717369401,7.615015034125687,7.146254859409362,7.93424551934224,MAG,high,TRUE,low,Full Sun,borderline,med,TRUE,low,Temperate,borderline,high,FALSE,high,Requires Wet Soil,high_model_reliability,high,FALSE,low,Alkaline Soil,low_model_reliability,high,FALSE,high,Requires Fertile Soil,high_model_reliability,"L=high,M=med,R=med",0.03866666666666667,FALSE,joint_prob_below_threshold
Orlaya grandiflora,5.6292598782381456,4.8831316789283274,6.030778267059963,7.903464008834497,7.6052886657292,MAG,med,FALSE,medium,Partial Sun,,med,FALSE,medium,Temperate,,med,TRUE,medium,Average Moisture,borderline; high_model_reliability,high,FALSE,low,Alkaline Soil,low_model_reliability,high,FALSE,high,Requires Fertile Soil,high_model_reliability,"L=high,M=med,R=med",0.03166666666666667,FALSE,joint_prob_below_threshold
Ornithogalum collinum,6.790233957538154,3.615293350418301,5.987820009593426,7.662364357513653,7.240235217641593,MAG,high,TRUE,low,Full Sun,borderline,med,TRUE,low,Temperate,borderline,med,FALSE,high,Average Moisture,high_model_reliability,high,FALSE,low,Alkaline Soil,low_model_reliability,high,FALSE,high,Requires Fertile Soil,high_model_reliability,"L=high,M=med,R=med",0.08633333333333333,FALSE,joint_prob_below_threshold
Ornithopus compressus,5.511431204075299,3.8122335252229567,6.332549037699931,7.77611100782601,8.907522462417536,MAG,med,FALSE,medium,Partial Sun,,med,TRUE,low,Temperate,borderline,med,TRUE,medium,Average Moisture,borderline; high_model_reliability,high,FALSE,low,Alkaline Soil,low_model_reliability,high,FALSE,high,Requires Fertile Soil,high_model_reliability,"L=high,M=med,R=med",0.027666666666666666,FALSE,joint_prob_below_threshold
Orthilia secunda,8.259227075071223,1.9820351527351456,7.309951481428115,6.394613922911969,5.661531206617167,MAG,high,FALSE,medium,Full Sun,,low,FALSE,medium,Cool Climate,,high,FALSE,high,Requires Wet Soil,high_model_reliability,med,TRUE,very_low,Neutral Soil,borderline; low_model_reliability,med,FALSE,high,Average/Rich Soil,high_model_reliability,"L=high,M=med,R=med",0.097,FALSE,joint_prob_below_threshold
Oryza sativa,5.355288462364717,4.797790724411909,5.825674522077408,7.790444761689689,7.993429465522251,MAG,med,FALSE,medium,Partial Sun,,med,FALSE,medium,Temperate,,med,FALSE,high,Average Moisture,high_model_reliability,high,FALSE,low,Alkaline Soil,low_model_reliability,high,FALSE,high,Requires Fertile Soil,high_model_reliability,"L=high,M=med,R=med",0.025,FALSE,joint_prob_below_threshold
Oxalis acetosella,6.966934720922894,3.720767543674499,7.143873180354274,7.781890189940833,8.562542280108485,MAG,high,TRUE,low,Full Sun,borderline,med,TRUE,low,Temperate,borderline,high,FALSE,high,Requires Wet Soil,high_model_reliability,high,FALSE,low,Alkaline Soil,low_model_reliability,high,FALSE,high,Requires Fertile Soil,high_model_reliability,"L=high,M=med,R=med",0.03666666666666667,FALSE,joint_prob_below_threshold
Oxalis stricta,6.4241535989312775,3.5531917195491936,7.681302075227119,7.525005289452119,9.574161884419231,MAG,med,TRUE,low,Partial Sun,borderline,med,TRUE,low,Temperate,borderline,high,FALSE,high,Requires Wet Soil,high_model_reliability,high,FALSE,low,Alkaline Soil,low_model_reliability,high,FALSE,high,Requires Fertile Soil,high_model_reliability,"L=high,M=med,R=med",0.022,FALSE,joint_prob_below_threshold
Oxyria digyna,6.4920335689428885,3.4713364940000004,6.868339764436421,7.677230826273989,9.178560113875838,MAG,med,TRUE,low,Partial Sun,borderline,low,TRUE,low,Cool Climate,borderline,high,TRUE,medium,Requires Wet Soil,borderline; high_model_reliability,high,FALSE,low,Alkaline Soil,low_model_reliability,high,FALSE,high,Requires Fertile Soil,high_model_reliability,"L=high,M=med,R=med",0.04533333333333334,FALSE,joint_prob_below_threshold
Panicum capillare,6.070425320974601,3.667628735205837,7.532861832588191,7.471689287005535,8.731601315032888,MAG,med,TRUE,low,Partial Sun,borderline,med,TRUE,low,Temperate,borderline,high,FALSE,high,Requires Wet Soil,high_model_reliability,high,FALSE,low,Alkaline Soil,low_model_reliability,high,FALSE,high,Requires Fertile Soil,high_model_reliability,"L=high,M=med,R=med",0.022333333333333334,FALSE,joint_prob_below_threshold
Panicum dichotomiflorum,5.346710434232651,4.21865929047823,8.944696839257547,8.116678664747225,11.299599288578827,MAG,med,FALSE,medium,Partial Sun,,med,FALSE,medium,Temperate,,high,FALSE,high,Requires Wet Soil,high_model_reliability,high,FALSE,low,Alkaline Soil,low_model_reliability,high,FALSE,high,Requires Fertile Soil,high_model_reliability,"L=high,M=med,R=med",6.666666666666666e-4,FALSE,joint_prob_below_threshold
Papaver rhoeas,5.745009867366139,3.5052891818438505,8.957402141055594,8.012972562515184,11.788207773639613,MAG,med,FALSE,medium,Partial Sun,,med,TRUE,low,Temperate,borderline,high,FALSE,high,Requires Wet Soil,high_model_reliability,high,FALSE,low,Alkaline Soil,low_model_reliability,high,FALSE,high,Requires Fertile Soil,high_model_reliability,"L=high,M=med,R=med",0.001,FALSE,joint_prob_below_threshold
Parentucellia viscosa,7.389169198734493,2.656535655469044,6.407023715784629,6.3372524668825765,5.838229815262066,MAG,high,FALSE,medium,Full Sun,,low,FALSE,medium,Cool Climate,,med,TRUE,medium,Average Moisture,borderline; high_model_reliability,med,TRUE,very_low,Neutral Soil,borderline; low_model_reliability,med,FALSE,high,Average/Rich Soil,high_model_reliability,"L=high,M=med,R=med",0.21266666666666667,FALSE,joint_prob_below_threshold
Parietaria judaica,6.138662612058579,3.3465396733659083,7.460506556971537,7.600017177261479,10.146008455569394,MAG,med,TRUE,low,Partial Sun,borderline,low,TRUE,low,Cool Climate,borderline,high,FALSE,high,Requires Wet Soil,high_model_reliability,high,FALSE,low,Alkaline Soil,low_model_reliability,high,FALSE,high,Requires Fertile Soil,high_model_reliability,"L=high,M=med,R=med",0.021,FALSE,joint_prob_below_threshold
Parnassia palustris,7.558978076067733,2.7457162971330034,6.158258522959619,6.596055706131773,5.445862759696605,MAG,high,FALSE,medium,Full Sun,,low,FALSE,medium,Cool Climate,,med,TRUE,medium,Average Moisture,borderline; high_model_reliability,high,TRUE,very_low,Alkaline Soil,borderline; low_model_reliability,med,FALSE,high,Average/Rich Soil,high_model_reliability,"L=high,M=med,R=med",0.22033333333333333,FALSE,joint_prob_below_threshold
Paspalum dilatatum,6.212077543380261,3.989400540199748,6.784993709533193,7.575132096283017,7.903856499584644,MAG,med,TRUE,low,Partial Sun,borderline,med,TRUE,low,Temperate,borderline,high,TRUE,medium,Requires Wet Soil,borderline; high_model_reliability,high,FALSE,low,Alkaline Soil,low_model_reliability,high,FALSE,high,Requires Fertile Soil,high_model_reliability,"L=high,M=med,R=med",0.04666666666666667,FALSE,joint_prob_below_threshold
Paspalum quadrifarium,7.020982027200903,4.165161076012126,8.124651671686474,7.133336044125791,6.059186894588027,MAG,high,FALSE,medium,Full Sun,,med,FALSE,medium,Temperate,,high,FALSE,high,Requires Wet Soil,high_model_reliability,high,FALSE,low,Alkaline Soil,low_model_reliability,med,TRUE,medium,Average/Rich Soil,borderline; high_model_reliability,"L=high,M=med,R=med",0.019333333333333334,FALSE,joint_prob_below_threshold
Pastinaca sativa,4.736364467760497,4.389747800879885,8.485216569039263,8.532811876436465,12.70065593912805,MAG,med,FALSE,medium,Partial Sun,,med,FALSE,medium,Temperate,,high,FALSE,high,Requires Wet Soil,high_model_reliability,high,FALSE,low,Alkaline Soil,low_model_reliability,high,FALSE,high,Requires Fertile Soil,high_model_reliability,"L=high,M=med,R=med",3.333333333333333e-4,FALSE,joint_prob_below_threshold
Pedicularis comosa,6.184867473545006,4.047657377681381,6.765204639426769,7.450371299798044,8.041419922063698,MAG,med,TRUE,low,Partial Sun,borderline,med,FALSE,medium,Temperate,,high,TRUE,medium,Requires Wet Soil,borderline; high_model_reliability,high,FALSE,low,Alkaline Soil,low_model_reliability,high,FALSE,high,Requires Fertile Soil,high_model_reliability,"L=high,M=med,R=med",0.050333333333333334,FALSE,joint_prob_below_threshold
Pedicularis gyroflexa,6.655554633173768,3.82127133474156,6.095815138211004,7.199883898534582,6.6118408246041165,MAG,high,TRUE,low,Full Sun,borderline,med,TRUE,low,Temperate,borderline,med,TRUE,medium,Average Moisture,borderline; high_model_reliability,high,FALSE,low,Alkaline Soil,low_model_reliability,high,TRUE,medium,Requires Fertile Soil,borderline; high_model_reliability,"L=high,M=med,R=med",0.11533333333333333,FALSE,joint_prob_below_threshold
Pedicularis palustris,6.41736394218189,4.077979220321288,6.994699053007989,7.544408014140819,8.33662724343957,MAG,med,TRUE,low,Partial Sun,borderline,med,FALSE,medium,Temperate,,high,TRUE,medium,Requires Wet Soil,borderline; high_model_reliability,high,FALSE,low,Alkaline Soil,low_model_reliability,high,FALSE,high,Requires Fertile Soil,high_model_reliability,"L=high,M=med,R=med",0.04466666666666667,FALSE,joint_prob_below_threshold
Pedicularis sylvatica,7.4811511949223695,3.778769401083143,5.3852306637357366,6.836792901817039,5.610042288345255,MAG,high,FALSE,medium,Full Sun,,med,TRUE,low,Temperate,borderline,med,FALSE,high,Average Moisture,high_model_reliability,high,TRUE,very_low,Alkaline Soil,borderline; low_model_reliability,med,FALSE,high,Average/Rich Soil,high_model_reliability,"L=high,M=med,R=med",0.23766666666666666,FALSE,joint_prob_below_threshold
Peganum harmala,7.548643972648526,4.220231421237967,4.744402467767791,6.584406290361475,3.4168716628641427,MAG,high,FALSE,medium,Full Sun,,med,FALSE,medium,Temperate,,med,FALSE,high,Average Moisture,high_model_reliability,high,TRUE,very_low,Alkaline Soil,borderline; low_model_reliability,low,TRUE,medium,Poor Soil,borderline; high_model_reliability,"L=high,M=med,R=med",0.276,FALSE,joint_prob_below_threshold
Persicaria amphibia,5.4264047544684395,4.191985360878832,7.060688037441796,7.8663363285842305,9.9719172770184,MAG,med,FALSE,medium,Partial Sun,,med,FALSE,medium,Temperate,,high,FALSE,high,Requires Wet Soil,high_model_reliability,high,FALSE,low,Alkaline Soil,low_model_reliability,high,FALSE,high,Requires Fertile Soil,high_model_reliability,"L=high,M=med,R=med",0.014666666666666666,FALSE,joint_prob_below_threshold
Persicaria bistorta,5.190539253332632,4.550712715489861,7.60970278354582,8.160606192254654,10.661500809601169,MAG,med,FALSE,medium,Partial Sun,,med,FALSE,medium,Temperate,,high,FALSE,high,Requires Wet Soil,high_model_reliability,high,FALSE,low,Alkaline Soil,low_model_reliability,high,FALSE,high,Requires Fertile Soil,high_model_reliability,"L=high,M=med,R=med",0.005666666666666667,FALSE,joint_prob_below_threshold
Persicaria hydropiper,5.344391284635521,4.318912969181035,7.740940182804017,7.937783238011105,11.02815359353798,MAG,med,FALSE,medium,Partial Sun,,med,FALSE,medium,Temperate,,high,FALSE,high,Requires Wet Soil,high_model_reliability,high,FALSE,low,Alkaline Soil,low_model_reliability,high,FALSE,high,Requires Fertile Soil,high_model_reliability,"L=high,M=med,R=med",0.006,FALSE,joint_prob_below_threshold
Persicaria lapathifolia,5.278490013058358,4.24961281111574,7.82973726592685,7.993262229049422,10.835338826979813,MAG,med,FALSE,medium,Partial Sun,,med,FALSE,medium,Temperate,,high,FALSE,high,Requires Wet Soil,high_model_reliability,high,FALSE,low,Alkaline Soil,low_model_reliability,high,FALSE,high,Requires Fertile Soil,high_model_reliability,"L=high,M=med,R=med",0.004666666666666667,FALSE,joint_prob_below_threshold
Persicaria maculosa,6.048253404813478,4.268856514930815,6.861108757232095,7.551821249688222,7.953688295345011,MAG,med,TRUE,low,Partial Sun,borderline,med,FALSE,medium,Temperate,,high,TRUE,medium,Requires Wet Soil,borderline; high_model_reliability,high,FALSE,low,Alkaline Soil,low_model_reliability,high,FALSE,high,Requires Fertile Soil,high_model_reliability,"L=high,M=med,R=med",0.041666666666666664,FALSE,joint_prob_below_threshold
Persicaria vivipara,6.529807756264291,3.880619577486148,5.657444400474293,7.29204345160499,6.794388291466561,MAG,high,TRUE,low,Full Sun,borderline,med,TRUE,low,Temperate,borderline,med,FALSE,high,Average Moisture,high_model_reliability,high,FALSE,low,Alkaline Soil,low_model_reliability,high,TRUE,medium,Requires Fertile Soil,borderline; high_model_reliability,"L=high,M=med,R=med",0.115,FALSE,joint_prob_below_threshold
Petrorhagia prolifera,7.250791813176692,3.762789740035116,6.422023036282051,6.880308210994969,6.30976757742312,MAG,high,FALSE,medium,Full Sun,,med,TRUE,low,Temperate,borderline,med,TRUE,medium,Average Moisture,borderline; high_model_reliability,high,TRUE,very_low,Alkaline Soil,borderline; low_model_reliability,med,TRUE,medium,Average/Rich Soil,borderline; high_model_reliability,"L=high,M=med,R=med",0.15066666666666667,FALSE,joint_prob_below_threshold
Peucedanum cervaria,4.830316774862821,4.458722637146859,7.734993210912769,8.193375958453847,10.572868559570132,MAG,med,FALSE,medium,Partial Sun,,med,FALSE,medium,Temperate,,high,FALSE,high,Requires Wet Soil,high_model_reliability,high,FALSE,low,Alkaline Soil,low_model_reliability,high,FALSE,high,Requires Fertile Soil,high_model_reliability,"L=high,M=med,R=med",0.0026666666666666666,FALSE,joint_prob_below_threshold
Peucedanum oreoselinum,5.525716997211925,4.5566466721988,7.271475931773366,7.831118049419007,8.993459897780959,MAG,med,FALSE,medium,Partial Sun,,med,FALSE,medium,Temperate,,high,FALSE,high,Requires Wet Soil,high_model_reliability,high,FALSE,low,Alkaline Soil,low_model_reliability,high,FALSE,high,Requires Fertile Soil,high_model_reliability,"L=high,M=med,R=med",0.013,FALSE,joint_prob_below_threshold
Peucedanum ostruthium,5.243657872631747,4.090566576955974,7.905614683564465,8.015785942342625,10.872663488301123,MAG,med,FALSE,medium,Partial Sun,,med,FALSE,medium,Temperate,,high,FALSE,high,Requires Wet Soil,high_model_reliability,high,FALSE,low,Alkaline Soil,low_model_reliability,high,FALSE,high,Requires Fertile Soil,high_model_reliability,"L=high,M=med,R=med",0.0036666666666666666,FALSE,joint_prob_below_threshold
Phalaris arundinacea,5.674208060866459,4.48916710980727,9.640487351342546,8.256312941013078,11.89295320005853,MAG,med,FALSE,medium,Partial Sun,,med,FALSE,medium,Temperate,,high,FALSE,high,Requires Wet Soil,high_model_reliability,high,FALSE,low,Alkaline Soil,low_model_reliability,high,FALSE,high,Requires Fertile Soil,high_model_reliability,"L=high,M=med,R=med",0,FALSE,joint_prob_below_threshold
Phaseolus vulgaris,4.141912464118082,5.721682291265697,6.408490514640732,8.470357826323704,10.95676324909982,MAG,med,FALSE,medium,Partial Sun,,med,FALSE,medium,Temperate,,med,TRUE,medium,Average Moisture,borderline; high_model_reliability,high,FALSE,low,Alkaline Soil,low_model_reliability,high,FALSE,high,Requires Fertile Soil,high_model_reliability,"L=high,M=med,R=med",0.0033333333333333335,FALSE,joint_prob_below_threshold
Phillyrea angustifolia,6.1593369924471,5.355276058970548,5.2089880527798655,6.559562900226814,5.652564062738154,MAG,med,TRUE,low,Partial Sun,borderline,med,FALSE,medium,Temperate,,med,FALSE,high,Average Moisture,high_model_reliability,high,TRUE,very_low,Alkaline Soil,borderline; low_model_reliability,med,FALSE,high,Average/Rich Soil,high_model_reliability,"L=high,M=med,R=med",0.154,FALSE,joint_prob_below_threshold
Phillyrea latifolia,5.3773164212822415,5.852600723159638,5.640193346332461,6.652165893648977,7.26534882036421,MAG,med,FALSE,medium,Partial Sun,,med,FALSE,medium,Temperate,,med,FALSE,high,Average Moisture,high_model_reliability,high,TRUE,very_low,Alkaline Soil,borderline; low_model_reliability,high,FALSE,high,Requires Fertile Soil,high_model_reliability,"L=high,M=med,R=med",0.07166666666666667,FALSE,joint_prob_below_threshold
Phleum alpinum,6.790192148478462,3.481190984382666,5.689796921864653,6.831774313274499,5.886146750966228,MAG,high,TRUE,low,Full Sun,borderline,low,TRUE,low,Cool Climate,borderline,med,FALSE,high,Average Moisture,high_model_reliability,high,TRUE,very_low,Alkaline Soil,borderline; low_model_reliability,med,FALSE,high,Average/Rich Soil,high_model_reliability,"L=high,M=med,R=med",0.179,FALSE,joint_prob_below_threshold
Phleum phleoides,6.847575388125397,3.466303990641856,5.753958293659942,6.4754998963448696,5.691670594329962,MAG,high,TRUE,low,Full Sun,borderline,low,TRUE,low,Cool Climate,borderline,med,FALSE,high,Average Moisture,high_model_reliability,med,TRUE,very_low,Neutral Soil,borderline; low_model_reliability,med,FALSE,high,Average/Rich Soil,high_model_reliability,"L=high,M=med,R=med",0.22666666666666666,FALSE,joint_prob_below_threshold
Phleum pratense,6.313063238281124,3.981953088482197,7.083757784364726,7.183408713362185,8.024956924661508,MAG,med,TRUE,low,Partial Sun,borderline,med,TRUE,low,Temperate,borderline,high,FALSE,high,Requires Wet Soil,high_model_reliability,high,FALSE,low,Alkaline Soil,low_model_reliability,high,FALSE,high,Requires Fertile Soil,high_model_reliability,"L=high,M=med,R=med",0.05466666666666667,FALSE,joint_prob_below_threshold
Phragmites australis,5.993505748719677,4.096078625997525,7.966117870462327,7.529511193884522,9.33485091826632,MAG,med,FALSE,medium,Partial Sun,,med,FALSE,medium,Temperate,,high,FALSE,high,Requires Wet Soil,high_model_reliability,high,FALSE,low,Alkaline Soil,low_model_reliability,high,FALSE,high,Requires Fertile Soil,high_model_reliability,"L=high,M=med,R=med",0.009666666666666667,FALSE,joint_prob_below_threshold
Physoplexis comosa,7.0098116559946755,2.873962620274265,6.789530572478776,7.199826773115623,7.540098299791614,MAG,high,FALSE,medium,Full Sun,,low,FALSE,medium,Cool Climate,,high,TRUE,medium,Requires Wet Soil,borderline; high_model_reliability,high,FALSE,low,Alkaline Soil,low_model_reliability,high,FALSE,high,Requires Fertile Soil,high_model_reliability,"L=high,M=med,R=med",0.092,FALSE,joint_prob_below_threshold
Phyteuma betonicifolium,6.521542720095454,3.02973214172299,8.602873240119909,7.654426125106614,10.653079460908138,MAG,high,TRUE,low,Full Sun,borderline,low,TRUE,low,Cool Climate,borderline,high,FALSE,high,Requires Wet Soil,high_model_reliability,high,FALSE,low,Alkaline Soil,low_model_reliability,high,FALSE,high,Requires Fertile Soil,high_model_reliability,"L=high,M=med,R=med",0.005,FALSE,joint_prob_below_threshold
Phyteuma hemisphaericum,7.737838258020038,3.079951575040196,5.88592720268991,6.656934171442875,5.358192596567273,MAG,high,FALSE,medium,Full Sun,,low,TRUE,low,Cool Climate,borderline,med,FALSE,high,Average Moisture,high_model_reliability,high,TRUE,very_low,Alkaline Soil,borderline; low_model_reliability,med,FALSE,high,Average/Rich Soil,high_model_reliability,"L=high,M=med,R=med",0.23966666666666667,FALSE,joint_prob_below_threshold
Phyteuma orbiculare,6.64976124506774,3.603914383731527,7.521444780103814,7.353362447934411,8.725499331896822,MAG,high,TRUE,low,Full Sun,borderline,med,TRUE,low,Temperate,borderline,high,FALSE,high,Requires Wet Soil,high_model_reliability,high,FALSE,low,Alkaline Soil,low_model_reliability,high,FALSE,high,Requires Fertile Soil,high_model_reliability,"L=high,M=med,R=med",0.03233333333333333,FALSE,joint_prob_below_threshold
Phyteuma ovatum,5.981105869431991,3.4352853944334547,8.92865720473537,7.938053570019653,11.602454385854609,MAG,med,FALSE,medium,Partial Sun,,low,TRUE,low,Cool Climate,borderline,high,FALSE,high,Requires Wet Soil,high_model_reliability,high,FALSE,low,Alkaline Soil,low_model_reliability,high,FALSE,high,Requires Fertile Soil,high_model_reliability,"L=high,M=med,R=med",0.0013333333333333333,FALSE,joint_prob_below_threshold
Phyteuma scheuchzeri,7.140127094334774,3.057254827330751,7.74383606839028,7.188316850941944,7.724535865075771,MAG,high,FALSE,medium,Full Sun,,low,TRUE,low,Cool Climate,borderline,high,FALSE,high,Requires Wet Soil,high_model_reliability,high,FALSE,low,Alkaline Soil,low_model_reliability,high,FALSE,high,Requires Fertile Soil,high_model_reliability,"L=high,M=med,R=med",0.035,FALSE,joint_prob_below_threshold
Phyteuma spicatum,6.208451415039152,3.615115750332689,8.629752156392387,7.792655517981238,10.686437256293129,MAG,med,TRUE,low,Partial Sun,borderline,med,TRUE,low,Temperate,borderline,high,FALSE,high,Requires Wet Soil,high_model_reliability,high,FALSE,low,Alkaline Soil,low_model_reliability,high,FALSE,high,Requires Fertile Soil,high_model_reliability,"L=high,M=med,R=med",0.003,FALSE,joint_prob_below_threshold
Phytolacca americana,4.487054423824875,5.174856792087031,9.53305289679914,8.708369934682715,13.878912752991113,MAG,med,FALSE,medium,Partial Sun,,med,FALSE,medium,Temperate,,high,FALSE,high,Requires Wet Soil,high_model_reliability,high,FALSE,low,Alkaline Soil,low_model_reliability,high,FALSE,high,Requires Fertile Soil,high_model_reliability,"L=high,M=med,R=med",0,FALSE,joint_prob_below_threshold
Picea abies,5.920790710735018,6.502748268970514,7.795300664900486,6.787513196072972,8.328868169040902,MAG,med,FALSE,medium,Partial Sun,,high,TRUE,low,Warm Climate,borderline,high,FALSE,high,Requires Wet Soil,high_model_reliability,high,TRUE,very_low,Alkaline Soil,borderline; low_model_reliability,high,FALSE,high,Requires Fertile Soil,high_model_reliability,"L=high,M=med,R=med",0.025666666666666667,FALSE,joint_prob_below_threshold
Picea glauca,6.406033558892427,6.098479558861206,7.508729231634472,6.521080410789164,7.399387241984258,MAG,med,TRUE,low,Partial Sun,borderline,med,TRUE,low,Temperate,borderline,high,FALSE,high,Requires Wet Soil,high_model_reliability,high,TRUE,very_low,Alkaline Soil,borderline; low_model_reliability,high,FALSE,high,Requires Fertile Soil,high_model_reliability,"L=high,M=med,R=med",0.054,FALSE,joint_prob_below_threshold
Picea mariana,6.8594875749507445,5.863657284510223,7.873370327732512,6.506384711476063,6.794654078907607,MAG,high,TRUE,low,Full Sun,borderline,med,FALSE,medium,Temperate,,high,FALSE,high,Requires Wet Soil,high_model_reliability,high,TRUE,very_low,Alkaline Soil,borderline; low_model_reliability,high,TRUE,medium,Requires Fertile Soil,borderline; high_model_reliability,"L=high,M=med,R=med",0.04,FALSE,joint_prob_below_threshold
Picea sitchensis,6.139546980506835,6.392554513461997,8.44979309963589,6.75197208355772,8.700817149216475,MAG,med,TRUE,low,Partial Sun,borderline,med,TRUE,low,Temperate,borderline,high,FALSE,high,Requires Wet Soil,high_model_reliability,high,TRUE,very_low,Alkaline Soil,borderline; low_model_reliability,high,FALSE,high,Requires Fertile Soil,high_model_reliability,"L=high,M=med,R=med",0.011,FALSE,joint_prob_below_threshold
Picris hieracioides,5.874042483388897,4.157284003494112,8.056149898251594,7.951964336635123,10.268758576548638,MAG,med,FALSE,medium,Partial Sun,,med,FALSE,medium,Temperate,,high,FALSE,high,Requires Wet Soil,high_model_reliability,high,FALSE,low,Alkaline Soil,low_model_reliability,high,FALSE,high,Requires Fertile Soil,high_model_reliability,"L=high,M=med,R=med",0.006333333333333333,FALSE,joint_prob_below_threshold
Pilosella lactucella,7.283150931322703,3.2634459789885697,7.3654609516948115,7.228468364042087,7.314387458685,MAG,high,FALSE,medium,Full Sun,,low,TRUE,low,Cool Climate,borderline,high,FALSE,high,Requires Wet Soil,high_model_reliability,high,FALSE,low,Alkaline Soil,low_model_reliability,high,FALSE,high,Requires Fertile Soil,high_model_reliability,"L=high,M=med,R=med",0.05433333333333333,FALSE,joint_prob_below_threshold
Pilosella officinarum,7.405902912318526,3.217179110678844,7.333652190560805,7.337923476468736,6.98047799022167,MAG,high,FALSE,medium,Full Sun,,low,TRUE,low,Cool Climate,borderline,high,FALSE,high,Requires Wet Soil,high_model_reliability,high,FALSE,low,Alkaline Soil,low_model_reliability,high,TRUE,medium,Requires Fertile Soil,borderline; high_model_reliability,"L=high,M=med,R=med",0.050666666666666665,FALSE,joint_prob_below_threshold
Pilosella piloselloides,6.626509406011618,3.882552127633202,6.840729939297875,7.368860817228731,7.33321715036599,MAG,high,TRUE,low,Full Sun,borderline,med,TRUE,low,Temperate,borderline,high,TRUE,medium,Requires Wet Soil,borderline; high_model_reliability,high,FALSE,low,Alkaline Soil,low_model_reliability,high,FALSE,high,Requires Fertile Soil,high_model_reliability,"L=high,M=med,R=med",0.06466666666666666,FALSE,joint_prob_below_threshold
Pimpinella major,5.245646026079088,4.340431655135313,8.112727594447431,8.136575925068858,10.752387348176072,MAG,med,FALSE,medium,Partial Sun,,med,FALSE,medium,Temperate,,high,FALSE,high,Requires Wet Soil,high_model_reliability,high,FALSE,low,Alkaline Soil,low_model_reliability,high,FALSE,high,Requires Fertile Soil,high_model_reliability,"L=high,M=med,R=med",0.003,FALSE,joint_prob_below_threshold
Pimpinella saxifraga,6.111706431970291,4.030477358344356,6.954673728717195,7.542265758296678,8.37215029459336,MAG,med,TRUE,low,Partial Sun,borderline,med,FALSE,medium,Temperate,,high,TRUE,medium,Requires Wet Soil,borderline; high_model_reliability,high,FALSE,low,Alkaline Soil,low_model_reliability,high,FALSE,high,Requires Fertile Soil,high_model_reliability,"L=high,M=med,R=med",0.041,FALSE,joint_prob_below_threshold
Pinguicula vulgaris,8.040874355699813,2.496896319085737,7.38360864758198,7.083443302347846,6.582231203911155,MAG,high,FALSE,medium,Full Sun,,low,FALSE,medium,Cool Climate,,high,FALSE,high,Requires Wet Soil,high_model_reliability,high,FALSE,low,Alkaline Soil,low_model_reliability,high,TRUE,medium,Requires Fertile Soil,borderline; high_model_reliability,"L=high,M=med,R=med",0.06066666666666667,FALSE,joint_prob_below_threshold
Pinus banksiana,5.986648623267867,6.0625741007726255,7.640198150661464,6.769932035569491,8.084472875627043,MAG,med,FALSE,medium,Partial Sun,,med,TRUE,low,Temperate,borderline,high,FALSE,high,Requires Wet Soil,high_model_reliability,high,TRUE,very_low,Alkaline Soil,borderline; low_model_reliability,high,FALSE,high,Requires Fertile Soil,high_model_reliability,"L=high,M=med,R=med",0.03266666666666666,FALSE,joint_prob_below_threshold
Pinus cembra,5.045630981942836,7.079430061400574,6.109264056028079,7.115764309395204,7.904144541216806,MAG,med,FALSE,medium,Partial Sun,,high,FALSE,medium,Warm Climate,,med,TRUE,medium,Average Moisture,borderline; high_model_reliability,high,FALSE,low,Alkaline Soil,low_model_reliability,high,FALSE,high,Requires Fertile Soil,high_model_reliability,"L=high,M=med,R=med",0.033,FALSE,joint_prob_below_threshold
Pinus contorta,6.25213242585098,6.159699785543622,7.459162473937502,6.681999409956601,7.422973677241809,MAG,med,TRUE,low,Partial Sun,borderline,med,TRUE,low,Temperate,borderline,high,FALSE,high,Requires Wet Soil,high_model_reliability,high,TRUE,very_low,Alkaline Soil,borderline; low_model_reliability,high,FALSE,high,Requires Fertile Soil,high_model_reliability,"L=high,M=med,R=med",0.050333333333333334,FALSE,joint_prob_below_threshold
Pinus densiflora,5.896550186384335,6.566973573482985,7.833942383797549,6.901517637062259,8.135751652167498,MAG,med,FALSE,medium,Partial Sun,,high,TRUE,low,Warm Climate,borderline,high,FALSE,high,Requires Wet Soil,high_model_reliability,high,TRUE,very_low,Alkaline Soil,borderline; low_model_reliability,high,FALSE,high,Requires Fertile Soil,high_model_reliability,"L=high,M=med,R=med",0.019666666666666666,FALSE,joint_prob_below_threshold
Pinus halepensis,5.703211803372313,6.376945449399098,6.186780096279751,6.602493908049452,7.231648749926819,MAG,med,FALSE,medium,Partial Sun,,med,TRUE,low,Temperate,borderline,med,TRUE,medium,Average Moisture,borderline; high_model_reliability,high,TRUE,very_low,Alkaline Soil,borderline; low_model_reliability,high,FALSE,high,Requires Fertile Soil,high_model_reliability,"L=high,M=med,R=med",0.097,FALSE,joint_prob_below_threshold
Pinus koraiensis,4.367345918419208,7.397150764244903,6.848568862131386,7.584218541192486,9.82656047266578,MAG,med,FALSE,medium,Partial Sun,,high,FALSE,medium,Warm Climate,,high,TRUE,medium,Requires Wet Soil,borderline; high_model_reliability,high,FALSE,low,Alkaline Soil,low_model_reliability,high,FALSE,high,Requires Fertile Soil,high_model_reliability,"L=high,M=med,R=med",0.006666666666666667,FALSE,joint_prob_below_threshold
Pinus nigra,5.429883930535877,6.586506951060813,6.814386927877324,6.736636335831546,8.19936736008608,MAG,med,FALSE,medium,Partial Sun,,high,TRUE,low,Warm Climate,borderline,high,TRUE,medium,Requires Wet Soil,borderline; high_model_reliability,high,TRUE,very_low,Alkaline Soil,borderline; low_model_reliability,high,FALSE,high,Requires Fertile Soil,high_model_reliability,"L=high,M=med,R=med",0.050333333333333334,FALSE,joint_prob_below_threshold
Pinus pinaster,5.800345398980845,6.821315927303059,6.551478340772938,6.820078262669014,6.937304442326301,MAG,med,FALSE,medium,Partial Sun,,high,TRUE,low,Warm Climate,borderline,high,TRUE,medium,Requires Wet Soil,borderline; high_model_reliability,high,TRUE,very_low,Alkaline Soil,borderline; low_model_reliability,high,TRUE,medium,Requires Fertile Soil,borderline; high_model_reliability,"L=high,M=med,R=med",0.074,FALSE,joint_prob_below_threshold
Pinus pinea,4.715090632068412,7.432772080473646,5.673077671184664,7.0837303561644775,7.921320084823991,MAG,med,FALSE,medium,Partial Sun,,high,FALSE,medium,Warm Climate,,med,FALSE,high,Average Moisture,high_model_reliability,high,FALSE,low,Alkaline Soil,low_model_reliability,high,FALSE,high,Requires Fertile Soil,high_model_reliability,"L=high,M=med,R=med",0.024333333333333332,FALSE,joint_prob_below_threshold
Pinus ponderosa,5.42724632880531,6.915303226884875,7.790256340790872,7.201180705741615,8.60451387847267,MAG,med,FALSE,medium,Partial Sun,,high,TRUE,low,Warm Climate,borderline,high,FALSE,high,Requires Wet Soil,high_model_reliability,high,FALSE,low,Alkaline Soil,low_model_reliability,high,FALSE,high,Requires Fertile Soil,high_model_reliability,"L=high,M=med,R=med",0.011666666666666667,FALSE,joint_prob_below_threshold
Pinus radiata,5.322664717513214,6.651233187705415,6.995334389572044,6.992406606532693,8.466795273939113,MAG,med,FALSE,medium,Partial Sun,,high,TRUE,low,Warm Climate,borderline,high,TRUE,medium,Requires Wet Soil,borderline; high_model_reliability,high,TRUE,very_low,Alkaline Soil,borderline; low_model_reliability,high,FALSE,high,Requires Fertile Soil,high_model_reliability,"L=high,M=med,R=med",0.033,FALSE,joint_prob_below_threshold
Pinus strobus,5.264231916657917,6.572362941299296,7.896692917158422,7.210930325364404,9.474215835183443,MAG,med,FALSE,medium,Partial Sun,,high,TRUE,low,Warm Climate,borderline,high,FALSE,high,Requires Wet Soil,high_model_reliability,high,FALSE,low,Alkaline Soil,low_model_reliability,high,FALSE,high,Requires Fertile Soil,high_model_reliability,"L=high,M=med,R=med",0.008666666666666666,FALSE,joint_prob_below_threshold
Pinus sylvestris,5.714554361386686,6.270991083531427,7.0827642437223695,6.697620342593436,8.082586987940385,MAG,med,FALSE,medium,Partial Sun,,med,TRUE,low,Temperate,borderline,high,FALSE,high,Requires Wet Soil,high_model_reliability,high,TRUE,very_low,Alkaline Soil,borderline; low_model_reliability,high,FALSE,high,Requires Fertile Soil,high_model_reliability,"L=high,M=med,R=med",0.057,FALSE,joint_prob_below_threshold
Pinus uncinata,6.194806039217857,6.28222686900016,6.470337912633621,6.520876634010615,6.672122147945293,MAG,med,TRUE,low,Partial Sun,borderline,med,TRUE,low,Temperate,borderline,med,TRUE,medium,Average Moisture,borderline; high_model_reliability,high,TRUE,very_low,Alkaline Soil,borderline; low_model_reliability,high,TRUE,medium,Requires Fertile Soil,borderline; high_model_reliability,"L=high,M=med,R=med",0.12166666666666667,FALSE,joint_prob_below_threshold
Pistacia lentiscus,5.835745651459169,5.4446495513409285,5.001691434774134,6.652373264162293,5.913386174175631,MAG,med,FALSE,medium,Partial Sun,,med,FALSE,medium,Temperate,,med,FALSE,high,Average Moisture,high_model_reliability,high,TRUE,very_low,Alkaline Soil,borderline; low_model_reliability,med,FALSE,high,Average/Rich Soil,high_model_reliability,"L=high,M=med,R=med",0.11633333333333333,FALSE,joint_prob_below_threshold
Pistacia terebinthus,4.120929038331754,5.752000361485378,6.140281647705628,7.394162904458016,9.404206244598605,MAG,med,FALSE,medium,Partial Sun,,med,FALSE,medium,Temperate,,med,TRUE,medium,Average Moisture,borderline; high_model_reliability,high,FALSE,low,Alkaline Soil,low_model_reliability,high,FALSE,high,Requires Fertile Soil,high_model_reliability,"L=high,M=med,R=med",0.006666666666666667,FALSE,joint_prob_below_threshold
Plantago albicans,7.002769273177851,3.982181765768606,6.01785856602522,6.976926776978642,5.797329327678289,MAG,high,FALSE,medium,Full Sun,,med,TRUE,low,Temperate,borderline,med,TRUE,medium,Average Moisture,borderline; high_model_reliability,high,TRUE,very_low,Alkaline Soil,borderline; low_model_reliability,med,FALSE,high,Average/Rich Soil,high_model_reliability,"L=high,M=med,R=med",0.16433333333333333,FALSE,joint_prob_below_threshold
Plantago atrata,6.497571965880699,3.909306837372749,5.7238847813888665,7.4132452224758065,6.249196870745471,MAG,med,TRUE,low,Partial Sun,borderline,med,TRUE,low,Temperate,borderline,med,FALSE,high,Average Moisture,high_model_reliability,high,FALSE,low,Alkaline Soil,low_model_reliability,med,TRUE,medium,Average/Rich Soil,borderline; high_model_reliability,"L=high,M=med,R=med",0.10066666666666667,FALSE,joint_prob_below_threshold
Plantago coronopus,7.733922991744642,3.147319463375292,6.653870588299487,7.129375367917822,5.569353843561305,MAG,high,FALSE,medium,Full Sun,,low,TRUE,low,Cool Climate,borderline,high,TRUE,medium,Requires Wet Soil,borderline; high_model_reliability,high,FALSE,low,Alkaline Soil,low_model_reliability,med,FALSE,high,Average/Rich Soil,high_model_reliability,"L=high,M=med,R=med",0.11333333333333333,FALSE,joint_prob_below_threshold
Plantago lanceolata,6.301552198727315,3.8544691340858326,6.366124814426019,7.456309911763058,7.501081409275624,MAG,med,TRUE,low,Partial Sun,borderline,med,TRUE,low,Temperate,borderline,med,TRUE,medium,Average Moisture,borderline; high_model_reliability,high,FALSE,low,Alkaline Soil,low_model_reliability,high,FALSE,high,Requires Fertile Soil,high_model_reliability,"L=high,M=med,R=med",0.07,FALSE,joint_prob_below_threshold
Plantago major,6.383970925408683,3.3325708019646685,7.749592564822468,7.722162781388677,8.709392222644828,MAG,med,TRUE,low,Partial Sun,borderline,low,TRUE,low,Cool Climate,borderline,high,FALSE,high,Requires Wet Soil,high_model_reliability,high,FALSE,low,Alkaline Soil,low_model_reliability,high,FALSE,high,Requires Fertile Soil,high_model_reliability,"L=high,M=med,R=med",0.014333333333333333,FALSE,joint_prob_below_threshold
Plantago maritima,6.7948201212933395,3.684698138771964,6.155114732103541,7.072010130139171,6.074224097938441,MAG,high,TRUE,low,Full Sun,borderline,med,TRUE,low,Temperate,borderline,med,TRUE,medium,Average Moisture,borderline; high_model_reliability,high,FALSE,low,Alkaline Soil,low_model_reliability,med,TRUE,medium,Average/Rich Soil,borderline; high_model_reliability,"L=high,M=med,R=med",0.131,FALSE,joint_prob_below_threshold
Plantago media,6.192282885857536,3.5082695857501323,7.8006529453567905,7.802724270569908,9.138063263382152,MAG,med,TRUE,low,Partial Sun,borderline,med,TRUE,low,Temperate,borderline,high,FALSE,high,Requires Wet Soil,high_model_reliability,high,FALSE,low,Alkaline Soil,low_model_reliability,high,FALSE,high,Requires Fertile Soil,high_model_reliability,"L=high,M=med,R=med",0.010666666666666666,FALSE,joint_prob_below_threshold
Platanthera bifolia,7.123536435988189,2.3697730305448297,10.538057726122975,7.832338782616412,11.329163340569254,MAG,high,FALSE,medium,Full Sun,,low,FALSE,medium,Cool Climate,,high,FALSE,high,Requires Wet Soil,high_model_reliability,high,FALSE,low,Alkaline Soil,low_model_reliability,high,FALSE,high,Requires Fertile Soil,high_model_reliability,"L=high,M=med,R=med",0,FALSE,joint_prob_below_threshold
Platanus occidentalis,3.810429620676954,5.780438501211954,9.75240059552202,8.040662394436938,13.589853125753931,MAG,med,TRUE,low,Partial Sun,borderline,med,FALSE,medium,Temperate,,high,FALSE,high,Requires Wet Soil,high_model_reliability,high,FALSE,low,Alkaline Soil,low_model_reliability,high,FALSE,high,Requires Fertile Soil,high_model_reliability,"L=high,M=med,R=med",0,FALSE,joint_prob_below_threshold
Platycladus orientalis,6.446240335382298,6.385085572953821,5.412192821085465,6.185746009603676,5.523158050288106,MAG,med,TRUE,low,Partial Sun,borderline,med,TRUE,low,Temperate,borderline,med,FALSE,high,Average Moisture,high_model_reliability,med,TRUE,very_low,Neutral Soil,borderline; low_model_reliability,med,FALSE,high,Average/Rich Soil,high_model_reliability,"L=high,M=med,R=med",0.225,FALSE,joint_prob_below_threshold
Poa alpina,7.350170979217061,3.5596485404426157,5.6424081310218765,6.710369353952944,5.100915925743433,MAG,high,FALSE,medium,Full Sun,,med,TRUE,low,Temperate,borderline,med,FALSE,high,Average Moisture,high_model_reliability,high,TRUE,very_low,Alkaline Soil,borderline; low_model_reliability,med,FALSE,high,Average/Rich Soil,high_model_reliability,"L=high,M=med,R=med",0.235,FALSE,joint_prob_below_threshold
Poa angustifolia,6.71491113301251,3.7142951453547033,6.882564592922863,6.883980495638553,7.089289052739062,MAG,high,TRUE,low,Full Sun,borderline,med,TRUE,low,Temperate,borderline,high,TRUE,medium,Requires Wet Soil,borderline; high_model_reliability,high,TRUE,very_low,Alkaline Soil,borderline; low_model_reliability,high,FALSE,high,Requires Fertile Soil,high_model_reliability,"L=high,M=med,R=med",0.09733333333333333,FALSE,joint_prob_below_threshold
Poa annua,7.096533578568542,3.2398289875793704,6.5693748519280595,7.264470791561901,7.739648584892193,MAG,high,FALSE,medium,Full Sun,,low,TRUE,low,Cool Climate,borderline,high,TRUE,medium,Requires Wet Soil,borderline; high_model_reliability,high,FALSE,low,Alkaline Soil,low_model_reliability,high,FALSE,high,Requires Fertile Soil,high_model_reliability,"L=high,M=med,R=med",0.10366666666666667,FALSE,joint_prob_below_threshold
Poa bulbosa,7.275498556850428,3.6833064967616753,5.7313226508760655,6.809101277429251,5.57393297427551,MAG,high,FALSE,medium,Full Sun,,med,TRUE,low,Temperate,borderline,med,FALSE,high,Average Moisture,high_model_reliability,high,TRUE,very_low,Alkaline Soil,borderline; low_model_reliability,med,FALSE,high,Average/Rich Soil,high_model_reliability,"L=high,M=med,R=med",0.21166666666666667,FALSE,joint_prob_below_threshold
Poa compressa,7.063318578077963,3.63230270710702,6.4187958173367266,6.821340907889843,6.204419142490948,MAG,high,FALSE,medium,Full Sun,,med,TRUE,low,Temperate,borderline,med,TRUE,medium,Average Moisture,borderline; high_model_reliability,high,TRUE,very_low,Alkaline Soil,borderline; low_model_reliability,med,TRUE,medium,Average/Rich Soil,borderline; high_model_reliability,"L=high,M=med,R=med",0.15333333333333332,FALSE,joint_prob_below_threshold
Poa glauca,7.293866426040934,3.934666887668131,6.894607963628698,6.953719335315791,5.944928319072217,MAG,high,FALSE,medium,Full Sun,,med,TRUE,low,Temperate,borderline,high,TRUE,medium,Requires Wet Soil,borderline; high_model_reliability,high,TRUE,very_low,Alkaline Soil,borderline; low_model_reliability,med,FALSE,high,Average/Rich Soil,high_model_reliability,"L=high,M=med,R=med",0.10666666666666667,FALSE,joint_prob_below_threshold
Poa nemoralis,6.443417799113592,3.472489388401286,6.042715944486574,6.618990526561583,6.6626084759826965,MAG,med,TRUE,low,Partial Sun,borderline,low,TRUE,low,Cool Climate,borderline,med,TRUE,medium,Average Moisture,borderline; high_model_reliability,high,TRUE,very_low,Alkaline Soil,borderline; low_model_reliability,high,TRUE,medium,Requires Fertile Soil,borderline; high_model_reliability,"L=high,M=med,R=med",0.15733333333333333,FALSE,joint_prob_below_threshold
Poa pratensis,6.721132317601402,3.752552815434252,7.346595507085499,7.269760895460614,7.816283555263159,MAG,high,TRUE,low,Full Sun,borderline,med,TRUE,low,Temperate,borderline,high,FALSE,high,Requires Wet Soil,high_model_reliability,high,FALSE,low,Alkaline Soil,low_model_reliability,high,FALSE,high,Requires Fertile Soil,high_model_reliability,"L=high,M=med,R=med",0.04533333333333334,FALSE,joint_prob_below_threshold
Poa supina,6.935176078628935,3.408218803442786,6.655522463989453,7.399018023738849,7.862785437375575,MAG,high,TRUE,low,Full Sun,borderline,low,TRUE,low,Cool Climate,borderline,high,TRUE,medium,Requires Wet Soil,borderline; high_model_reliability,high,FALSE,low,Alkaline Soil,low_model_reliability,high,FALSE,high,Requires Fertile Soil,high_model_reliability,"L=high,M=med,R=med",0.081,FALSE,joint_prob_below_threshold
Poa trivialis,6.532854603625679,3.798788071712196,7.557969886369016,7.215901880182246,8.736455091144732,MAG,high,TRUE,low,Full Sun,borderline,med,TRUE,low,Temperate,borderline,high,FALSE,high,Requires Wet Soil,high_model_reliability,high,FALSE,low,Alkaline Soil,low_model_reliability,high,FALSE,high,Requires Fertile Soil,high_model_reliability,"L=high,M=med,R=med",0.033,FALSE,joint_prob_below_threshold
Polygala vulgaris,6.9755809688055255,3.8789969284383674,5.138807841275151,6.950378360530694,5.551075727887351,MAG,high,TRUE,low,Full Sun,borderline,med,TRUE,low,Temperate,borderline,med,FALSE,high,Average Moisture,high_model_reliability,high,TRUE,very_low,Alkaline Soil,borderline; low_model_reliability,med,FALSE,high,Average/Rich Soil,high_model_reliability,"L=high,M=med,R=med",0.19966666666666666,FALSE,joint_prob_below_threshold
Polygonatum multiflorum,5.15473149804058,4.943734723143974,7.512850584446378,8.44045601206815,11.091848965777023,MAG,med,FALSE,medium,Partial Sun,,med,FALSE,medium,Temperate,,high,FALSE,high,Requires Wet Soil,high_model_reliability,high,FALSE,low,Alkaline Soil,low_model_reliability,high,FALSE,high,Requires Fertile Soil,high_model_reliability,"L=high,M=med,R=med",0.0036666666666666666,FALSE,joint_prob_below_threshold
Polygonatum odoratum,5.181058797763242,4.716156636608519,6.396154741569918,8.128142059774358,9.545890305504065,MAG,med,FALSE,medium,Partial Sun,,med,FALSE,medium,Temperate,,med,TRUE,medium,Average Moisture,borderline; high_model_reliability,high,FALSE,low,Alkaline Soil,low_model_reliability,high,FALSE,high,Requires Fertile Soil,high_model_reliability,"L=high,M=med,R=med",0.013,FALSE,joint_prob_below_threshold
Polygonatum verticillatum,5.082481055633628,5.087108652567295,7.314647964025012,8.430944799077643,11.223220878000118,MAG,med,FALSE,medium,Partial Sun,,med,FALSE,medium,Temperate,,high,FALSE,high,Requires Wet Soil,high_model_reliability,high,FALSE,low,Alkaline Soil,low_model_reliability,high,FALSE,high,Requires Fertile Soil,high_model_reliability,"L=high,M=med,R=med",0.0036666666666666666,FALSE,joint_prob_below_threshold
Polygonum aviculare,6.124165746389135,3.9170013242560096,5.330944102650459,6.933760173998788,6.684563257040097,MAG,med,TRUE,low,Partial Sun,borderline,med,TRUE,low,Temperate,borderline,med,FALSE,high,Average Moisture,high_model_reliability,high,TRUE,very_low,Alkaline Soil,borderline; low_model_reliability,high,TRUE,medium,Requires Fertile Soil,borderline; high_model_reliability,"L=high,M=med,R=med",0.12066666666666667,FALSE,joint_prob_below_threshold
Polygonum rurivagum,6.568084198538695,4.2464973213059185,5.845398124385878,7.110591983156173,7.442273675164627,MAG,high,TRUE,low,Full Sun,borderline,med,FALSE,medium,Temperate,,med,FALSE,high,Average Moisture,high_model_reliability,high,FALSE,low,Alkaline Soil,low_model_reliability,high,FALSE,high,Requires Fertile Soil,high_model_reliability,"L=high,M=med,R=med",0.126,FALSE,joint_prob_below_threshold
Pontederia cordata,4.78591428902585,5.669134335540952,8.239469994900631,8.794627043719721,10.75211514448571,MAG,med,FALSE,medium,Partial Sun,,med,FALSE,medium,Temperate,,high,FALSE,high,Requires Wet Soil,high_model_reliability,high,FALSE,low,Alkaline Soil,low_model_reliability,high,FALSE,high,Requires Fertile Soil,high_model_reliability,"L=high,M=med,R=med",0.001,FALSE,joint_prob_below_threshold
Populus alba,5.038169864909072,4.974882627936745,9.941154452295711,7.350407152523896,12.217869054186062,MAG,med,FALSE,medium,Partial Sun,,med,FALSE,medium,Temperate,,high,FALSE,high,Requires Wet Soil,high_model_reliability,high,FALSE,low,Alkaline Soil,low_model_reliability,high,FALSE,high,Requires Fertile Soil,high_model_reliability,"L=high,M=med,R=med",0,FALSE,joint_prob_below_threshold
Populus balsamifera,4.75872776320765,5.40868716602803,9.319440778701397,7.633588151753912,11.932163625516887,MAG,med,FALSE,medium,Partial Sun,,med,FALSE,medium,Temperate,,high,FALSE,high,Requires Wet Soil,high_model_reliability,high,FALSE,low,Alkaline Soil,low_model_reliability,high,FALSE,high,Requires Fertile Soil,high_model_reliability,"L=high,M=med,R=med",3.333333333333333e-4,FALSE,joint_prob_below_threshold
Populus deltoides,4.242651020260688,5.549253913354396,9.918302886190286,7.827036123344407,13.186653728571326,MAG,med,FALSE,medium,Partial Sun,,med,FALSE,medium,Temperate,,high,FALSE,high,Requires Wet Soil,high_model_reliability,high,FALSE,low,Alkaline Soil,low_model_reliability,high,FALSE,high,Requires Fertile Soil,high_model_reliability,"L=high,M=med,R=med",0,FALSE,joint_prob_below_threshold
Populus nigra,4.75534769964104,5.405372558555182,9.479986805549428,7.545196965980605,12.10865151732188,MAG,med,FALSE,medium,Partial Sun,,med,FALSE,medium,Temperate,,high,FALSE,high,Requires Wet Soil,high_model_reliability,high,FALSE,low,Alkaline Soil,low_model_reliability,high,FALSE,high,Requires Fertile Soil,high_model_reliability,"L=high,M=med,R=med",3.333333333333333e-4,FALSE,joint_prob_below_threshold
Populus tremula,5.063114031167782,4.776253633666888,9.60955627593242,7.316066603123633,11.93327895251058,MAG,med,FALSE,medium,Partial Sun,,med,FALSE,medium,Temperate,,high,FALSE,high,Requires Wet Soil,high_model_reliability,high,FALSE,low,Alkaline Soil,low_model_reliability,high,FALSE,high,Requires Fertile Soil,high_model_reliability,"L=high,M=med,R=med",3.333333333333333e-4,FALSE,joint_prob_below_threshold
Populus tremuloides,5.234226504580144,4.815412718352132,9.88131336573186,7.420531855372712,11.977534966252534,MAG,med,FALSE,medium,Partial Sun,,med,FALSE,medium,Temperate,,high,FALSE,high,Requires Wet Soil,high_model_reliability,high,FALSE,low,Alkaline Soil,low_model_reliability,high,FALSE,high,Requires Fertile Soil,high_model_reliability,"L=high,M=med,R=med",0,FALSE,joint_prob_below_threshold
Portulaca oleracea,7.875780117877379,3.297079090710212,6.625786016246591,6.969904233962939,5.736005458873508,MAG,high,FALSE,medium,Full Sun,,low,TRUE,low,Cool Climate,borderline,high,TRUE,medium,Requires Wet Soil,borderline; high_model_reliability,high,TRUE,very_low,Alkaline Soil,borderline; low_model_reliability,med,FALSE,high,Average/Rich Soil,high_model_reliability,"L=high,M=med,R=med",0.13233333333333333,FALSE,joint_prob_below_threshold
Potamogeton alpinus,5.82526180546137,4.083477570497284,7.255440322155218,7.94879869699802,10.247123624565225,MAG,med,FALSE,medium,Partial Sun,,med,FALSE,medium,Temperate,,high,FALSE,high,Requires Wet Soil,high_model_reliability,high,FALSE,low,Alkaline Soil,low_model_reliability,high,FALSE,high,Requires Fertile Soil,high_model_reliability,"L=high,M=med,R=med",0.015,FALSE,joint_prob_below_threshold
Potamogeton berchtoldii,6.715066378369783,4.130792540373835,7.077489789621106,7.442170128372469,8.925844528044465,MAG,high,TRUE,low,Full Sun,borderline,med,FALSE,medium,Temperate,,high,FALSE,high,Requires Wet Soil,high_model_reliability,high,FALSE,low,Alkaline Soil,low_model_reliability,high,FALSE,high,Requires Fertile Soil,high_model_reliability,"L=high,M=med,R=med",0.050666666666666665,FALSE,joint_prob_below_threshold
Potamogeton crispus,6.669983741478527,3.792308214407906,11.044123698571513,8.573862395533137,14.138427270877564,MAG,high,TRUE,low,Full Sun,borderline,med,TRUE,low,Temperate,borderline,high,FALSE,high,Requires Wet Soil,high_model_reliability,high,FALSE,low,Alkaline Soil,low_model_reliability,high,FALSE,high,Requires Fertile Soil,high_model_reliability,"L=high,M=med,R=med",0,FALSE,joint_prob_below_threshold
Potamogeton lucens,4.718176658614597,4.89216724549037,8.909385595703688,8.536094821385236,13.870131362319098,MAG,med,FALSE,medium,Partial Sun,,med,FALSE,medium,Temperate,,high,FALSE,high,Requires Wet Soil,high_model_reliability,high,FALSE,low,Alkaline Soil,low_model_reliability,high,FALSE,high,Requires Fertile Soil,high_model_reliability,"L=high,M=med,R=med",0,FALSE,joint_prob_below_threshold
Potamogeton natans,5.449837856490831,4.111869618101966,6.493403814952124,7.98873676194302,9.602846293170472,MAG,med,FALSE,medium,Partial Sun,,med,FALSE,medium,Temperate,,med,TRUE,medium,Average Moisture,borderline; high_model_reliability,high,FALSE,low,Alkaline Soil,low_model_reliability,high,FALSE,high,Requires Fertile Soil,high_model_reliability,"L=high,M=med,R=med",0.019333333333333334,FALSE,joint_prob_below_threshold
Potamogeton nodosus,5.275423213628283,4.367846491842868,7.895143332729821,8.291380449577382,11.297614271330934,MAG,med,FALSE,medium,Partial Sun,,med,FALSE,medium,Temperate,,high,FALSE,high,Requires Wet Soil,high_model_reliability,high,FALSE,low,Alkaline Soil,low_model_reliability,high,FALSE,high,Requires Fertile Soil,high_model_reliability,"L=high,M=med,R=med",0.003,FALSE,joint_prob_below_threshold
Potamogeton perfoliatus,5.556522356616528,4.520528289078799,7.687515021261832,8.019513272410464,10.884292030922913,MAG,med,FALSE,medium,Partial Sun,,med,FALSE,medium,Temperate,,high,FALSE,high,Requires Wet Soil,high_model_reliability,high,FALSE,low,Alkaline Soil,low_model_reliability,high,FALSE,high,Requires Fertile Soil,high_model_reliability,"L=high,M=med,R=med",0.008333333333333333,FALSE,joint_prob_below_threshold
Potentilla alba,6.241894213550223,3.3789785265223062,6.014823686852044,7.317035407822043,7.456835081547826,MAG,med,TRUE,low,Partial Sun,borderline,low,TRUE,low,Cool Climate,borderline,med,TRUE,medium,Average Moisture,borderline; high_model_reliability,high,FALSE,low,Alkaline Soil,low_model_reliability,high,FALSE,high,Requires Fertile Soil,high_model_reliability,"L=high,M=med,R=med",0.09033333333333333,FALSE,joint_prob_below_threshold
Potentilla aurea,6.6414071748421435,3.185641306737267,6.246669134669002,7.2978633964360196,7.237601980476836,MAG,high,TRUE,low,Full Sun,borderline,low,TRUE,low,Cool Climate,borderline,med,TRUE,medium,Average Moisture,borderline; high_model_reliability,high,FALSE,low,Alkaline Soil,low_model_reliability,high,FALSE,high,Requires Fertile Soil,high_model_reliability,"L=high,M=med,R=med",0.098,FALSE,joint_prob_below_threshold
Potentilla crantzii,7.302211336128357,3.4037013653694688,5.131890342440918,6.739699496694725,5.0908511184819085,MAG,high,FALSE,medium,Full Sun,,low,TRUE,low,Cool Climate,borderline,med,FALSE,high,Average Moisture,high_model_reliability,high,TRUE,very_low,Alkaline Soil,borderline; low_model_reliability,med,FALSE,high,Average/Rich Soil,high_model_reliability,"L=high,M=med,R=med",0.24366666666666667,FALSE,joint_prob_below_threshold
Potentilla erecta,7.093221587675622,3.4107368023645663,5.219702366712249,6.543241770719951,5.194198050133391,MAG,high,FALSE,medium,Full Sun,,low,TRUE,low,Cool Climate,borderline,med,FALSE,high,Average Moisture,high_model_reliability,high,TRUE,very_low,Alkaline Soil,borderline; low_model_reliability,med,FALSE,high,Average/Rich Soil,high_model_reliability,"L=high,M=med,R=med",0.25833333333333336,FALSE,joint_prob_below_threshold
Potentilla norvegica,6.390228392766163,3.5281421810363547,7.840656787925943,7.297795484385225,8.703414709943576,MAG,med,TRUE,low,Partial Sun,borderline,med,TRUE,low,Temperate,borderline,high,FALSE,high,Requires Wet Soil,high_model_reliability,high,FALSE,low,Alkaline Soil,low_model_reliability,high,FALSE,high,Requires Fertile Soil,high_model_reliability,"L=high,M=med,R=med",0.018,FALSE,joint_prob_below_threshold
Potentilla reptans,6.600413064093117,3.2727795571889233,6.763521041499363,7.419226385162046,7.811133307757326,MAG,high,TRUE,low,Full Sun,borderline,low,TRUE,low,Cool Climate,borderline,high,TRUE,medium,Requires Wet Soil,borderline; high_model_reliability,high,FALSE,low,Alkaline Soil,low_model_reliability,high,FALSE,high,Requires Fertile Soil,high_model_reliability,"L=high,M=med,R=med",0.063,FALSE,joint_prob_below_threshold
Prenanthes purpurea,5.658018886675165,3.9608439890233145,9.152099466108083,8.07308063781821,11.952760391517042,MAG,med,FALSE,medium,Partial Sun,,med,TRUE,low,Temperate,borderline,high,FALSE,high,Requires Wet Soil,high_model_reliability,high,FALSE,low,Alkaline Soil,low_model_reliability,high,FALSE,high,Requires Fertile Soil,high_model_reliability,"L=high,M=med,R=med",6.666666666666666e-4,FALSE,joint_prob_below_threshold
Primula auricula,6.50806530998501,3.2969034032250915,7.900860162510435,7.904489522356664,9.237918429029124,MAG,high,TRUE,low,Full Sun,borderline,low,TRUE,low,Cool Climate,borderline,high,FALSE,high,Requires Wet Soil,high_model_reliability,high,FALSE,low,Alkaline Soil,low_model_reliability,high,FALSE,high,Requires Fertile Soil,high_model_reliability,"L=high,M=med,R=med",0.009666666666666667,FALSE,joint_prob_below_threshold
Primula elatior,6.152919774006839,3.534463078756742,7.373148630812105,7.868056099441326,8.9358533242496,MAG,med,TRUE,low,Partial Sun,borderline,med,TRUE,low,Temperate,borderline,high,FALSE,high,Requires Wet Soil,high_model_reliability,high,FALSE,low,Alkaline Soil,low_model_reliability,high,FALSE,high,Requires Fertile Soil,high_model_reliability,"L=high,M=med,R=med",0.017666666666666667,FALSE,joint_prob_below_threshold
Primula farinosa,7.412253205019268,3.0548413988787217,7.016770134856714,7.054127010326969,6.878021437673103,MAG,high,FALSE,medium,Full Sun,,low,TRUE,low,Cool Climate,borderline,high,FALSE,high,Requires Wet Soil,high_model_reliability,high,FALSE,low,Alkaline Soil,low_model_reliability,high,TRUE,medium,Requires Fertile Soil,borderline; high_model_reliability,"L=high,M=med,R=med",0.08666666666666667,FALSE,joint_prob_below_threshold
Primula glaucescens,7.332054577436931,3.1824242571445955,6.1655767886832225,7.1106235374700315,5.456453957779118,MAG,high,FALSE,medium,Full Sun,,low,TRUE,low,Cool Climate,borderline,med,TRUE,medium,Average Moisture,borderline; high_model_reliability,high,FALSE,low,Alkaline Soil,low_model_reliability,med,FALSE,high,Average/Rich Soil,high_model_reliability,"L=high,M=med,R=med",0.14833333333333334,FALSE,joint_prob_below_threshold
Primula hirsuta,7.234523060398434,2.9825292215616432,6.3653736543573265,7.252661183897663,7.08865233159811,MAG,high,FALSE,medium,Full Sun,,low,FALSE,medium,Cool Climate,,med,TRUE,medium,Average Moisture,borderline; high_model_reliability,high,FALSE,low,Alkaline Soil,low_model_reliability,high,FALSE,high,Requires Fertile Soil,high_model_reliability,"L=high,M=med,R=med",0.121,FALSE,joint_prob_below_threshold
Primula veris,6.261884767702745,3.625116848043539,6.58853945663593,7.520137004128936,7.533860891386093,MAG,med,TRUE,low,Partial Sun,borderline,med,TRUE,low,Temperate,borderline,high,TRUE,medium,Requires Wet Soil,borderline; high_model_reliability,high,FALSE,low,Alkaline Soil,low_model_reliability,high,FALSE,high,Requires Fertile Soil,high_model_reliability,"L=high,M=med,R=med",0.05566666666666667,FALSE,joint_prob_below_threshold
Prunella grandiflora,6.914924573926669,3.831130467193274,6.156489433185252,7.228371810016206,6.429065276226957,MAG,high,TRUE,low,Full Sun,borderline,med,TRUE,low,Temperate,borderline,med,TRUE,medium,Average Moisture,borderline; high_model_reliability,high,FALSE,low,Alkaline Soil,low_model_reliability,med,TRUE,medium,Average/Rich Soil,borderline; high_model_reliability,"L=high,M=med,R=med",0.12533333333333332,FALSE,joint_prob_below_threshold
Prunella laciniata,6.850519167617721,3.860380636141579,6.02609469459731,7.197209355246881,6.128766470527216,MAG,high,TRUE,low,Full Sun,borderline,med,TRUE,low,Temperate,borderline,med,TRUE,medium,Average Moisture,borderline; high_model_reliability,high,FALSE,low,Alkaline Soil,low_model_reliability,med,TRUE,medium,Average/Rich Soil,borderline; high_model_reliability,"L=high,M=med,R=med",0.13433333333333333,FALSE,joint_prob_below_threshold
Prunella vulgaris,6.724109394132355,3.6965677142598774,6.768416441966591,7.481772973464679,7.515385032815969,MAG,high,TRUE,low,Full Sun,borderline,med,TRUE,low,Temperate,borderline,high,TRUE,medium,Requires Wet Soil,borderline; high_model_reliability,high,FALSE,low,Alkaline Soil,low_model_reliability,high,FALSE,high,Requires Fertile Soil,high_model_reliability,"L=high,M=med,R=med",0.06333333333333334,FALSE,joint_prob_below_threshold
Prunus armeniaca,3.8638976505416625,6.617414745615817,4.378143151110625,7.419220897001415,7.978098570568298,MAG,med,TRUE,low,Partial Sun,borderline,high,TRUE,low,Warm Climate,borderline,med,FALSE,high,Average Moisture,high_model_reliability,high,FALSE,low,Alkaline Soil,low_model_reliability,high,FALSE,high,Requires Fertile Soil,high_model_reliability,"L=high,M=med,R=med",0.005666666666666667,FALSE,joint_prob_below_threshold
Prunus avium,3.5859731137193704,6.620691607981302,6.524787716327899,7.66222104080136,10.558328358573132,MAG,med,TRUE,low,Partial Sun,borderline,high,TRUE,low,Warm Climate,borderline,high,TRUE,medium,Requires Wet Soil,borderline; high_model_reliability,high,FALSE,low,Alkaline Soil,low_model_reliability,high,FALSE,high,Requires Fertile Soil,high_model_reliability,"L=high,M=med,R=med",0.0013333333333333333,FALSE,joint_prob_below_threshold
Prunus cerasifera,3.665794870370046,6.537946078601111,5.122612422906947,7.511568649781776,8.994994504990254,MAG,med,TRUE,low,Partial Sun,borderline,high,TRUE,low,Warm Climate,borderline,med,FALSE,high,Average Moisture,high_model_reliability,high,FALSE,low,Alkaline Soil,low_model_reliability,high,FALSE,high,Requires Fertile Soil,high_model_reliability,"L=high,M=med,R=med",0.0033333333333333335,FALSE,joint_prob_below_threshold
Prunus lusitanica,4.374963226645715,6.215021676684268,6.259728413748382,7.390384514050342,9.0740577271788,MAG,med,FALSE,medium,Partial Sun,,med,TRUE,low,Temperate,borderline,med,TRUE,medium,Average Moisture,borderline; high_model_reliability,high,FALSE,low,Alkaline Soil,low_model_reliability,high,FALSE,high,Requires Fertile Soil,high_model_reliability,"L=high,M=med,R=med",0.009666666666666667,FALSE,joint_prob_below_threshold
Prunus mahaleb,4.384942840611652,5.990318718005091,4.9853138798846155,7.03502851785764,7.902120781534112,MAG,med,FALSE,medium,Partial Sun,,med,FALSE,medium,Temperate,,med,FALSE,high,Average Moisture,high_model_reliability,high,FALSE,low,Alkaline Soil,low_model_reliability,high,FALSE,high,Requires Fertile Soil,high_model_reliability,"L=high,M=med,R=med",0.017333333333333333,FALSE,joint_prob_below_threshold
Prunus padus,3.849238337603644,6.252597026676241,7.1142580615819355,7.852134838504869,10.946441631019388,MAG,med,TRUE,low,Partial Sun,borderline,med,TRUE,low,Temperate,borderline,high,FALSE,high,Requires Wet Soil,high_model_reliability,high,FALSE,low,Alkaline Soil,low_model_reliability,high,FALSE,high,Requires Fertile Soil,high_model_reliability,"L=high,M=med,R=med",0.0016666666666666668,FALSE,joint_prob_below_threshold
Prunus pensylvanica,4.086405513417225,6.158020561893219,7.803979617793221,7.931817877915783,11.478548830453102,MAG,med,FALSE,medium,Partial Sun,,med,TRUE,low,Temperate,borderline,high,FALSE,high,Requires Wet Soil,high_model_reliability,high,FALSE,low,Alkaline Soil,low_model_reliability,high,FALSE,high,Requires Fertile Soil,high_model_reliability,"L=high,M=med,R=med",0.001,FALSE,joint_prob_below_threshold
Prunus persica,2.9209163825614315,6.902793104332237,4.991926372291594,7.827669770161342,9.936191961780738,MAG,low,FALSE,medium,Deep/Partial Shade,,high,TRUE,low,Warm Climate,borderline,med,FALSE,high,Average Moisture,high_model_reliability,high,FALSE,low,Alkaline Soil,low_model_reliability,high,FALSE,high,Requires Fertile Soil,high_model_reliability,"L=high,M=med,R=med",6.666666666666666e-4,FALSE,joint_prob_below_threshold
Prunus serotina,3.700845311025347,6.356597996337194,6.546803996287807,7.603750751515609,10.466161034004866,MAG,med,TRUE,low,Partial Sun,borderline,med,TRUE,low,Temperate,borderline,high,TRUE,medium,Requires Wet Soil,borderline; high_model_reliability,high,FALSE,low,Alkaline Soil,low_model_reliability,high,FALSE,high,Requires Fertile Soil,high_model_reliability,"L=high,M=med,R=med",0.002,FALSE,joint_prob_below_threshold
Prunus spinosa,4.634504089038941,5.833959735259556,4.640801927351761,7.200811541885479,7.44009707994407,MAG,med,FALSE,medium,Partial Sun,,med,FALSE,medium,Temperate,,med,FALSE,high,Average Moisture,high_model_reliability,high,FALSE,low,Alkaline Soil,low_model_reliability,high,FALSE,high,Requires Fertile Soil,high_model_reliability,"L=high,M=med,R=med",0.017333333333333333,FALSE,joint_prob_below_threshold
Pseudotsuga menziesii,5.413376754018174,6.799022457825534,7.839930364754968,6.907110372053931,9.252975316169405,MAG,med,FALSE,medium,Partial Sun,,high,TRUE,low,Warm Climate,borderline,high,FALSE,high,Requires Wet Soil,high_model_reliability,high,TRUE,very_low,Alkaline Soil,borderline; low_model_reliability,high,FALSE,high,Requires Fertile Soil,high_model_reliability,"L=high,M=med,R=med",0.013333333333333334,FALSE,joint_prob_below_threshold
Puccinellia distans,7.329646376076049,3.534815949790419,7.1181788933741466,7.182860530725278,6.912677380592156,MAG,high,FALSE,medium,Full Sun,,med,TRUE,low,Temperate,borderline,high,FALSE,high,Requires Wet Soil,high_model_reliability,high,FALSE,low,Alkaline Soil,low_model_reliability,high,TRUE,medium,Requires Fertile Soil,borderline; high_model_reliability,"L=high,M=med,R=med",0.07233333333333333,FALSE,joint_prob_below_threshold
Pueraria montana var. lobata,3.7749540262359456,5.86035347797954,9.486223850099856,8.497963227862114,14.074286093014038,MAG,med,TRUE,low,Partial Sun,borderline,med,FALSE,medium,Temperate,,high,FALSE,high,Requires Wet Soil,high_model_reliability,high,FALSE,low,Alkaline Soil,low_model_reliability,high,FALSE,high,Requires Fertile Soil,high_model_reliability,"L=high,M=med,R=med",0,FALSE,joint_prob_below_threshold
Pulmonaria officinalis,5.634268710775413,4.163750939365308,7.481040837861436,8.18813544684159,9.55441119115084,MAG,med,FALSE,medium,Partial Sun,,med,FALSE,medium,Temperate,,high,FALSE,high,Requires Wet Soil,high_model_reliability,high,FALSE,low,Alkaline Soil,low_model_reliability,high,FALSE,high,Requires Fertile Soil,high_model_reliability,"L=high,M=med,R=med",0.008666666666666666,FALSE,joint_prob_below_threshold
Punica granatum,5.162801647992126,5.618681578450402,5.042681011439608,6.7190997085636255,6.957181596546604,MAG,med,FALSE,medium,Partial Sun,,med,FALSE,medium,Temperate,,med,FALSE,high,Average Moisture,high_model_reliability,high,TRUE,very_low,Alkaline Soil,borderline; low_model_reliability,high,TRUE,medium,Requires Fertile Soil,borderline; high_model_reliability,"L=high,M=med,R=med",0.05566666666666667,FALSE,joint_prob_below_threshold
Pyrola minor,8.183027366408673,2.0414448879786735,7.049739395333258,6.522595082666091,5.572394366974763,MAG,high,FALSE,medium,Full Sun,,low,FALSE,medium,Cool Climate,,high,FALSE,high,Requires Wet Soil,high_model_reliability,high,TRUE,very_low,Alkaline Soil,borderline; low_model_reliability,med,FALSE,high,Average/Rich Soil,high_model_reliability,"L=high,M=med,R=med",0.12233333333333334,FALSE,joint_prob_below_threshold
Quercus alba,2.5520717929768812,7.482290201879604,6.09454824188712,8.044980900290483,11.360319618576286,MAG,low,FALSE,medium,Deep/Partial Shade,,high,FALSE,medium,Warm Climate,,med,TRUE,medium,Average Moisture,borderline; high_model_reliability,high,FALSE,low,Alkaline Soil,low_model_reliability,high,FALSE,high,Requires Fertile Soil,high_model_reliability,"L=high,M=med,R=med",3.333333333333333e-4,FALSE,joint_prob_below_threshold
Quercus cerris,2.8401424152627865,7.630261547668137,5.852790437811981,7.845722883827518,10.730641367561889,MAG,low,FALSE,medium,Deep/Partial Shade,,high,FALSE,medium,Warm Climate,,med,FALSE,high,Average Moisture,high_model_reliability,high,FALSE,low,Alkaline Soil,low_model_reliability,high,FALSE,high,Requires Fertile Soil,high_model_reliability,"L=high,M=med,R=med",6.666666666666666e-4,FALSE,joint_prob_below_threshold
Quercus faginea,3.5635441709008173,7.228245522442347,5.176885973742362,7.377071739389843,9.118975423732008,MAG,med,TRUE,low,Partial Sun,borderline,high,FALSE,medium,Warm Climate,,med,FALSE,high,Average Moisture,high_model_reliability,high,FALSE,low,Alkaline Soil,low_model_reliability,high,FALSE,high,Requires Fertile Soil,high_model_reliability,"L=high,M=med,R=med",0.0023333333333333335,FALSE,joint_prob_below_threshold
Quercus ilex,3.9987397724358096,7.0786352644375095,4.02970821504671,7.073134701546477,7.464308132904169,MAG,med,TRUE,low,Partial Sun,borderline,high,FALSE,medium,Warm Climate,,med,FALSE,high,Average Moisture,high_model_reliability,high,FALSE,low,Alkaline Soil,low_model_reliability,high,FALSE,high,Requires Fertile Soil,high_model_reliability,"L=high,M=med,R=med",0.006666666666666667,FALSE,joint_prob_below_threshold
Quercus macrocarpa,2.4400237456432188,7.673611482284105,5.850667928099999,8.087166311978113,11.279925861529648,MAG,low,FALSE,medium,Deep/Partial Shade,,high,FALSE,medium,Warm Climate,,med,FALSE,high,Average Moisture,high_model_reliability,high,FALSE,low,Alkaline Soil,low_model_reliability,high,FALSE,high,Requires Fertile Soil,high_model_reliability,"L=high,M=med,R=med",0,FALSE,joint_prob_below_threshold
Quercus mongolica,2.7558451497998844,7.382760056105493,6.59657074568557,8.056348000595964,11.643693337024684,MAG,low,FALSE,medium,Deep/Partial Shade,,high,FALSE,medium,Warm Climate,,high,TRUE,medium,Requires Wet Soil,borderline; high_model_reliability,high,FALSE,low,Alkaline Soil,low_model_reliability,high,FALSE,high,Requires Fertile Soil,high_model_reliability,"L=high,M=med,R=med",3.333333333333333e-4,FALSE,joint_prob_below_threshold
Quercus petraea,3.1485994371303274,7.164786958901955,6.840497185004484,7.899083492117048,11.407159911390623,MAG,low,TRUE,low,Deep/Partial Shade,borderline,high,FALSE,medium,Warm Climate,,high,TRUE,medium,Requires Wet Soil,borderline; high_model_reliability,high,FALSE,low,Alkaline Soil,low_model_reliability,high,FALSE,high,Requires Fertile Soil,high_model_reliability,"L=high,M=med,R=med",6.666666666666666e-4,FALSE,joint_prob_below_threshold
Quercus robur,2.81176832598586,7.530079714751027,6.180536606595217,8.030166671241801,11.191348287707957,MAG,low,FALSE,medium,Deep/Partial Shade,,high,FALSE,medium,Warm Climate,,med,TRUE,medium,Average Moisture,borderline; high_model_reliability,high,FALSE,low,Alkaline Soil,low_model_reliability,high,FALSE,high,Requires Fertile Soil,high_model_reliability,"L=high,M=med,R=med",3.333333333333333e-4,FALSE,joint_prob_below_threshold
Quercus rubra,2.7432499622841418,7.29166274219082,5.833320432694151,7.995657879360034,10.877617663510057,MAG,low,FALSE,medium,Deep/Partial Shade,,high,FALSE,medium,Warm Climate,,med,FALSE,high,Average Moisture,high_model_reliability,high,FALSE,low,Alkaline Soil,low_model_reliability,high,FALSE,high,Requires Fertile Soil,high_model_reliability,"L=high,M=med,R=med",3.333333333333333e-4,FALSE,joint_prob_below_threshold
Quercus suber,3.739735236366858,7.325729907069943,4.815432250132886,7.25140912225396,8.543139614844996,MAG,med,TRUE,low,Partial Sun,borderline,high,FALSE,medium,Warm Climate,,med,FALSE,high,Average Moisture,high_model_reliability,high,FALSE,low,Alkaline Soil,low_model_reliability,high,FALSE,high,Requires Fertile Soil,high_model_reliability,"L=high,M=med,R=med",0.005,FALSE,joint_prob_below_threshold
Quercus velutina,2.5196690982954135,7.311890864187949,6.475376801311112,8.132026538691873,11.775960514128268,MAG,low,FALSE,medium,Deep/Partial Shade,,high,FALSE,medium,Warm Climate,,med,TRUE,medium,Average Moisture,borderline; high_model_reliability,high,FALSE,low,Alkaline Soil,low_model_reliability,high,FALSE,high,Requires Fertile Soil,high_model_reliability,"L=high,M=med,R=med",3.333333333333333e-4,FALSE,joint_prob_below_threshold
Ranunculus aconitifolius,5.002679728631275,4.223633498908721,8.087689656993753,8.567611999638105,11.36841591662952,MAG,med,FALSE,medium,Partial Sun,,med,FALSE,medium,Temperate,,high,FALSE,high,Requires Wet Soil,high_model_reliability,high,FALSE,low,Alkaline Soil,low_model_reliability,high,FALSE,high,Requires Fertile Soil,high_model_reliability,"L=high,M=med,R=med",0.0013333333333333333,FALSE,joint_prob_below_threshold
Ranunculus acris,6.183396508984576,4.195251951201277,7.500399922938527,7.771895112912638,9.166085490224413,MAG,med,TRUE,low,Partial Sun,borderline,med,FALSE,medium,Temperate,,high,FALSE,high,Requires Wet Soil,high_model_reliability,high,FALSE,low,Alkaline Soil,low_model_reliability,high,FALSE,high,Requires Fertile Soil,high_model_reliability,"L=high,M=med,R=med",0.018,FALSE,joint_prob_below_threshold
Ranunculus aquatilis,6.461615109943481,3.4744515422242577,6.49420319989585,7.266539187284005,8.894528288300528,MAG,med,TRUE,low,Partial Sun,borderline,low,TRUE,low,Cool Climate,borderline,med,TRUE,medium,Average Moisture,borderline; high_model_reliability,high,FALSE,low,Alkaline Soil,low_model_reliability,high,FALSE,high,Requires Fertile Soil,high_model_reliability,"L=high,M=med,R=med",0.08166666666666667,FALSE,joint_prob_below_threshold
Ranunculus arvensis,5.74951250354943,4.77496670239692,6.751335963691166,7.900960284707362,8.865172696966537,MAG,med,FALSE,medium,Partial Sun,,med,FALSE,medium,Temperate,,high,TRUE,medium,Requires Wet Soil,borderline; high_model_reliability,high,FALSE,low,Alkaline Soil,low_model_reliability,high,FALSE,high,Requires Fertile Soil,high_model_reliability,"L=high,M=med,R=med",0.025666666666666667,FALSE,joint_prob_below_threshold
Ranunculus bulbosus,6.159125712425843,4.116325231773577,7.406610400996903,8.003805796844667,9.31104159992016,MAG,med,TRUE,low,Partial Sun,borderline,med,FALSE,medium,Temperate,,high,FALSE,high,Requires Wet Soil,high_model_reliability,high,FALSE,low,Alkaline Soil,low_model_reliability,high,FALSE,high,Requires Fertile Soil,high_model_reliability,"L=high,M=med,R=med",0.015,FALSE,joint_prob_below_threshold
Ranunculus fluitans,6.259801965203919,3.907577550727464,7.812545801373796,7.738975277885356,9.65066429888761,MAG,med,TRUE,low,Partial Sun,borderline,med,TRUE,low,Temperate,borderline,high,FALSE,high,Requires Wet Soil,high_model_reliability,high,FALSE,low,Alkaline Soil,low_model_reliability,high,FALSE,high,Requires Fertile Soil,high_model_reliability,"L=high,M=med,R=med",0.011666666666666667,FALSE,joint_prob_below_threshold
Ranunculus gramineus,7.036690619304623,3.748207630724611,5.202134171084624,6.87618356298757,5.0735763640598925,MAG,high,FALSE,medium,Full Sun,,med,TRUE,low,Temperate,borderline,med,FALSE,high,Average Moisture,high_model_reliability,high,TRUE,very_low,Alkaline Soil,borderline; low_model_reliability,med,FALSE,high,Average/Rich Soil,high_model_reliability,"L=high,M=med,R=med",0.21166666666666667,FALSE,joint_prob_below_threshold
Ranunculus penicillatus,6.296495368539082,4.439491465454765,8.489425279684726,7.527217910442445,11.106033513996111,MAG,med,TRUE,low,Partial Sun,borderline,med,FALSE,medium,Temperate,,high,FALSE,high,Requires Wet Soil,high_model_reliability,high,FALSE,low,Alkaline Soil,low_model_reliability,high,FALSE,high,Requires Fertile Soil,high_model_reliability,"L=high,M=med,R=med",0.005,FALSE,joint_prob_below_threshold
Ranunculus platanifolius,5.30582066135948,4.232289047969829,8.580294195965065,8.231417266375594,11.319849371546317,MAG,med,FALSE,medium,Partial Sun,,med,FALSE,medium,Temperate,,high,FALSE,high,Requires Wet Soil,high_model_reliability,high,FALSE,low,Alkaline Soil,low_model_reliability,high,FALSE,high,Requires Fertile Soil,high_model_reliability,"L=high,M=med,R=med",0.0013333333333333333,FALSE,joint_prob_below_threshold
Ranunculus repens,6.062561285809827,4.120805763217893,8.153576163557698,8.33162077380379,10.234516806544836,MAG,med,TRUE,low,Partial Sun,borderline,med,FALSE,medium,Temperate,,high,FALSE,high,Requires Wet Soil,high_model_reliability,high,FALSE,low,Alkaline Soil,low_model_reliability,high,FALSE,high,Requires Fertile Soil,high_model_reliability,"L=high,M=med,R=med",0.004333333333333333,FALSE,joint_prob_below_threshold
Ranunculus sceleratus,6.275611899743531,3.518099663154376,8.175255057729546,7.612700969267784,10.026569804323776,MAG,med,TRUE,low,Partial Sun,borderline,med,TRUE,low,Temperate,borderline,high,FALSE,high,Requires Wet Soil,high_model_reliability,high,FALSE,low,Alkaline Soil,low_model_reliability,high,FALSE,high,Requires Fertile Soil,high_model_reliability,"L=high,M=med,R=med",0.009333333333333334,FALSE,joint_prob_below_threshold
Ranunculus thora,5.76136740426495,3.951113928114035,6.785984333224761,7.853273667343413,8.657222317413709,MAG,med,FALSE,medium,Partial Sun,,med,TRUE,low,Temperate,borderline,high,TRUE,medium,Requires Wet Soil,borderline; high_model_reliability,high,FALSE,low,Alkaline Soil,low_model_reliability,high,FALSE,high,Requires Fertile Soil,high_model_reliability,"L=high,M=med,R=med",0.02666666666666667,FALSE,joint_prob_below_threshold
Ranunculus trichophyllus,6.4921051800483704,3.520300396006903,7.238749985755971,7.499262727973003,9.07988934606724,MAG,med,TRUE,low,Partial Sun,borderline,med,TRUE,low,Temperate,borderline,high,FALSE,high,Requires Wet Soil,high_model_reliability,high,FALSE,low,Alkaline Soil,low_model_reliability,high,FALSE,high,Requires Fertile Soil,high_model_reliability,"L=high,M=med,R=med",0.035333333333333335,FALSE,joint_prob_below_threshold
Rapistrum rugosum,5.621266665653376,3.930663064612489,7.309982140149015,7.974500378513602,10.329056669238136,MAG,med,FALSE,medium,Partial Sun,,med,TRUE,low,Temperate,borderline,high,FALSE,high,Requires Wet Soil,high_model_reliability,high,FALSE,low,Alkaline Soil,low_model_reliability,high,FALSE,high,Requires Fertile Soil,high_model_reliability,"L=high,M=med,R=med",0.012,FALSE,joint_prob_below_threshold
Ratibida pinnata,6.422371221943124,4.335369322774157,7.629157824856809,7.332794997084237,7.983961795725156,MAG,med,TRUE,low,Partial Sun,borderline,med,FALSE,medium,Temperate,,high,FALSE,high,Requires Wet Soil,high_model_reliability,high,FALSE,low,Alkaline Soil,low_model_reliability,high,FALSE,high,Requires Fertile Soil,high_model_reliability,"L=high,M=med,R=med",0.025666666666666667,FALSE,joint_prob_below_threshold
Reseda phyteuma,6.0951539559203285,3.990413754676444,6.46796303818401,7.544811372702783,8.947000264553973,MAG,med,TRUE,low,Partial Sun,borderline,med,TRUE,low,Temperate,borderline,med,TRUE,medium,Average Moisture,borderline; high_model_reliability,high,FALSE,low,Alkaline Soil,low_model_reliability,high,FALSE,high,Requires Fertile Soil,high_model_reliability,"L=high,M=med,R=med",0.05266666666666667,FALSE,joint_prob_below_threshold
Reynoutria japonica,5.181232286434708,4.631182108198751,9.104332338833489,8.193200714843853,11.536391102085766,MAG,med,FALSE,medium,Partial Sun,,med,FALSE,medium,Temperate,,high,FALSE,high,Requires Wet Soil,high_model_reliability,high,FALSE,low,Alkaline Soil,low_model_reliability,high,FALSE,high,Requires Fertile Soil,high_model_reliability,"L=high,M=med,R=med",6.666666666666666e-4,FALSE,joint_prob_below_threshold
Rhamnus alaternus,5.558531571405995,5.478650282570428,4.5821325871700624,6.4949085646703155,6.01283271619212,MAG,med,FALSE,medium,Partial Sun,,med,FALSE,medium,Temperate,,med,FALSE,high,Average Moisture,high_model_reliability,med,TRUE,very_low,Neutral Soil,borderline; low_model_reliability,med,TRUE,medium,Average/Rich Soil,borderline; high_model_reliability,"L=high,M=med,R=med",0.08466666666666667,FALSE,joint_prob_below_threshold
Rhamnus cathartica,4.760534062760549,5.460270472774316,5.39060398190102,7.016109271659056,7.920708809688077,MAG,med,FALSE,medium,Partial Sun,,med,FALSE,medium,Temperate,,med,FALSE,high,Average Moisture,high_model_reliability,high,FALSE,low,Alkaline Soil,low_model_reliability,high,FALSE,high,Requires Fertile Soil,high_model_reliability,"L=high,M=med,R=med",0.029333333333333333,FALSE,joint_prob_below_threshold
Rhamnus lycioides,6.220950050436486,4.978059809104228,3.963054380249901,6.083828016617485,4.571339023607722,MAG,med,TRUE,low,Partial Sun,borderline,med,FALSE,medium,Temperate,,med,TRUE,medium,Average Moisture,borderline; high_model_reliability,med,TRUE,very_low,Neutral Soil,borderline; low_model_reliability,med,FALSE,high,Average/Rich Soil,high_model_reliability,"L=high,M=med,R=med",0.129,FALSE,joint_prob_below_threshold
Rhinanthus glacialis,6.471350620150925,4.294191923040441,5.169870777076909,6.966838299154242,6.480261788870316,MAG,med,TRUE,low,Partial Sun,borderline,med,FALSE,medium,Temperate,,med,FALSE,high,Average Moisture,high_model_reliability,high,TRUE,very_low,Alkaline Soil,borderline; low_model_reliability,med,TRUE,medium,Average/Rich Soil,borderline; high_model_reliability,"L=high,M=med,R=med",0.14966666666666667,FALSE,joint_prob_below_threshold
Rhinanthus minor,6.301837969891328,4.219369349638439,6.463194578548561,7.506788705161325,8.266686775713751,MAG,med,TRUE,low,Partial Sun,borderline,med,FALSE,medium,Temperate,,med,TRUE,medium,Average Moisture,borderline; high_model_reliability,high,FALSE,low,Alkaline Soil,low_model_reliability,high,FALSE,high,Requires Fertile Soil,high_model_reliability,"L=high,M=med,R=med",0.06066666666666667,FALSE,joint_prob_below_threshold
Rhododendron maximum,5.24235249846898,4.85260764229569,7.647384129898973,7.323729978556236,9.22663113786724,MAG,med,FALSE,medium,Partial Sun,,med,FALSE,medium,Temperate,,high,FALSE,high,Requires Wet Soil,high_model_reliability,high,FALSE,low,Alkaline Soil,low_model_reliability,high,FALSE,high,Requires Fertile Soil,high_model_reliability,"L=high,M=med,R=med",0.011,FALSE,joint_prob_below_threshold
Rhus typhina,4.582610212601874,5.608847262390084,7.208157755504879,7.483036390096931,10.172100832012909,MAG,med,FALSE,medium,Partial Sun,,med,FALSE,medium,Temperate,,high,FALSE,high,Requires Wet Soil,high_model_reliability,high,FALSE,low,Alkaline Soil,low_model_reliability,high,FALSE,high,Requires Fertile Soil,high_model_reliability,"L=high,M=med,R=med",0.007,FALSE,joint_prob_below_threshold
Rhynchospora alba,6.826904544522923,3.733690229996408,6.005345122376628,6.860547513508123,6.098519871113015,MAG,high,TRUE,low,Full Sun,borderline,med,TRUE,low,Temperate,borderline,med,TRUE,medium,Average Moisture,borderline; high_model_reliability,high,TRUE,very_low,Alkaline Soil,borderline; low_model_reliability,med,TRUE,medium,Average/Rich Soil,borderline; high_model_reliability,"L=high,M=med,R=med",0.16833333333333333,FALSE,joint_prob_below_threshold
Ribes alpinum,5.510145119983124,4.7644358647924125,5.345532398717385,6.840757208100694,6.938344274546815,MAG,med,FALSE,medium,Partial Sun,,med,FALSE,medium,Temperate,,med,FALSE,high,Average Moisture,high_model_reliability,high,TRUE,very_low,Alkaline Soil,borderline; low_model_reliability,high,TRUE,medium,Requires Fertile Soil,borderline; high_model_reliability,"L=high,M=med,R=med",0.07666666666666666,FALSE,joint_prob_below_threshold
Ribes divaricatum,5.00703265556265,4.807440160165628,6.222462158822772,6.926050540958647,8.435065851805675,MAG,med,FALSE,medium,Partial Sun,,med,FALSE,medium,Temperate,,med,TRUE,medium,Average Moisture,borderline; high_model_reliability,high,TRUE,very_low,Alkaline Soil,borderline; low_model_reliability,high,FALSE,high,Requires Fertile Soil,high_model_reliability,"L=high,M=med,R=med",0.035666666666666666,FALSE,joint_prob_below_threshold
Ribes rubrum,4.792984126443248,4.888238624881369,6.19239684961118,7.480071565193777,8.899151480486287,MAG,med,FALSE,medium,Partial Sun,,med,FALSE,medium,Temperate,,med,TRUE,medium,Average Moisture,borderline; high_model_reliability,high,FALSE,low,Alkaline Soil,low_model_reliability,high,FALSE,high,Requires Fertile Soil,high_model_reliability,"L=high,M=med,R=med",0.016666666666666666,FALSE,joint_prob_below_threshold
Ribes sanguineum,4.9027468936720275,4.621822251517104,6.251103791757368,7.157758703999038,8.66758116204263,MAG,med,FALSE,medium,Partial Sun,,med,FALSE,medium,Temperate,,med,TRUE,medium,Average Moisture,borderline; high_model_reliability,high,FALSE,low,Alkaline Soil,low_model_reliability,high,FALSE,high,Requires Fertile Soil,high_model_reliability,"L=high,M=med,R=med",0.028,FALSE,joint_prob_below_threshold
Robinia pseudoacacia,3.9736022614451856,5.986178438127382,6.730306421795979,7.2553588647097325,10.258039575729663,MAG,med,TRUE,low,Partial Sun,borderline,med,FALSE,medium,Temperate,,high,TRUE,medium,Requires Wet Soil,borderline; high_model_reliability,high,FALSE,low,Alkaline Soil,low_model_reliability,high,FALSE,high,Requires Fertile Soil,high_model_reliability,"L=high,M=med,R=med",0.006333333333333333,FALSE,joint_prob_below_threshold
Rubus caesius,5.4618886889578455,4.256503189687114,6.746675599609201,7.719362227123998,8.791723758549598,MAG,med,FALSE,medium,Partial Sun,,med,FALSE,medium,Temperate,,high,TRUE,medium,Requires Wet Soil,borderline; high_model_reliability,high,FALSE,low,Alkaline Soil,low_model_reliability,high,FALSE,high,Requires Fertile Soil,high_model_reliability,"L=high,M=med,R=med",0.021666666666666667,FALSE,joint_prob_below_threshold
Rubus chamaemorus,6.009278999362402,4.0832419144506735,5.3749234326729445,7.570406644182968,6.662753367655906,MAG,med,TRUE,low,Partial Sun,borderline,med,FALSE,medium,Temperate,,med,FALSE,high,Average Moisture,high_model_reliability,high,FALSE,low,Alkaline Soil,low_model_reliability,high,TRUE,medium,Requires Fertile Soil,borderline; high_model_reliability,"L=high,M=med,R=med",0.06833333333333333,FALSE,joint_prob_below_threshold
Rubus parviflorus,4.70101720003484,4.2537836837311245,6.579184068606059,7.274053944326129,9.192044504793031,MAG,med,FALSE,medium,Partial Sun,,med,FALSE,medium,Temperate,,high,TRUE,medium,Requires Wet Soil,borderline; high_model_reliability,high,FALSE,low,Alkaline Soil,low_model_reliability,high,FALSE,high,Requires Fertile Soil,high_model_reliability,"L=high,M=med,R=med",0.015333333333333332,FALSE,joint_prob_below_threshold
Rubus saxatilis,5.366247749805773,4.2750270129028145,5.5826463836486155,7.6491282557600355,7.750287909649974,MAG,med,FALSE,medium,Partial Sun,,med,FALSE,medium,Temperate,,med,FALSE,high,Average Moisture,high_model_reliability,high,FALSE,low,Alkaline Soil,low_model_reliability,high,FALSE,high,Requires Fertile Soil,high_model_reliability,"L=high,M=med,R=med",0.030666666666666665,FALSE,joint_prob_below_threshold
Rumex acetosa,5.755263839176335,4.0030441494301305,8.330874132059433,8.039831660915109,11.178703195668588,MAG,med,FALSE,medium,Partial Sun,,med,FALSE,medium,Temperate,,high,FALSE,high,Requires Wet Soil,high_model_reliability,high,FALSE,low,Alkaline Soil,low_model_reliability,high,FALSE,high,Requires Fertile Soil,high_model_reliability,"L=high,M=med,R=med",0.0036666666666666666,FALSE,joint_prob_below_threshold
Rumex acetosella,6.753893901847806,3.485109307689896,5.155763289056809,6.644984972160895,5.669822676195858,MAG,high,TRUE,low,Full Sun,borderline,low,TRUE,low,Cool Climate,borderline,med,FALSE,high,Average Moisture,high_model_reliability,high,TRUE,very_low,Alkaline Soil,borderline; low_model_reliability,med,FALSE,high,Average/Rich Soil,high_model_reliability,"L=high,M=med,R=med",0.21466666666666667,FALSE,joint_prob_below_threshold
Rumex aquaticus,4.605597818444355,4.492760173072357,9.176559244536351,8.580773813137862,13.256087161784508,MAG,med,FALSE,medium,Partial Sun,,med,FALSE,medium,Temperate,,high,FALSE,high,Requires Wet Soil,high_model_reliability,high,FALSE,low,Alkaline Soil,low_model_reliability,high,FALSE,high,Requires Fertile Soil,high_model_reliability,"L=high,M=med,R=med",0,FALSE,joint_prob_below_threshold
Rumex crispus,5.260081352336208,4.308004715476565,6.9228276695928965,7.519198446797111,9.2804625035784,MAG,med,FALSE,medium,Partial Sun,,med,FALSE,medium,Temperate,,high,TRUE,medium,Requires Wet Soil,borderline; high_model_reliability,high,FALSE,low,Alkaline Soil,low_model_reliability,high,FALSE,high,Requires Fertile Soil,high_model_reliability,"L=high,M=med,R=med",0.020666666666666667,FALSE,joint_prob_below_threshold
Rumex obtusifolius,4.917951329460941,4.1620363188440805,9.542859906174389,8.813559670967743,13.662844587397432,MAG,med,FALSE,medium,Partial Sun,,med,FALSE,medium,Temperate,,high,FALSE,high,Requires Wet Soil,high_model_reliability,high,FALSE,low,Alkaline Soil,low_model_reliability,high,FALSE,high,Requires Fertile Soil,high_model_reliability,"L=high,M=med,R=med",0,FALSE,joint_prob_below_threshold
Sagina procumbens,9.165746836911708,2.413452607296522,6.109722290013053,6.347538663638121,3.5572262962177996,MAG,high,FALSE,medium,Full Sun,,low,FALSE,medium,Cool Climate,,med,TRUE,medium,Average Moisture,borderline; high_model_reliability,med,TRUE,very_low,Neutral Soil,borderline; low_model_reliability,med,TRUE,medium,Average/Rich Soil,borderline; high_model_reliability,"L=high,M=med,R=med",0.206,FALSE,joint_prob_below_threshold
Salicornia europaea,8.167196573374802,3.868373538612592,5.816366917862295,6.609819721635789,2.5344917900990205,MAG,high,FALSE,medium,Full Sun,,med,TRUE,low,Temperate,borderline,med,FALSE,high,Average Moisture,high_model_reliability,high,TRUE,very_low,Alkaline Soil,borderline; low_model_reliability,low,FALSE,high,Poor Soil,high_model_reliability,"L=high,M=med,R=med",0.261,FALSE,joint_prob_below_threshold
Salix alba,5.50038493368636,4.9003201062760295,9.778567416533583,7.3099090641880125,11.61765794846968,MAG,med,FALSE,medium,Partial Sun,,med,FALSE,medium,Temperate,,high,FALSE,high,Requires Wet Soil,high_model_reliability,high,FALSE,low,Alkaline Soil,low_model_reliability,high,FALSE,high,Requires Fertile Soil,high_model_reliability,"L=high,M=med,R=med",0,FALSE,joint_prob_below_threshold
Salix babylonica,5.83286519084846,4.294930151685032,9.259102157565572,6.939862851464136,10.681772470233163,MAG,med,FALSE,medium,Partial Sun,,med,FALSE,medium,Temperate,,high,FALSE,high,Requires Wet Soil,high_model_reliability,high,TRUE,very_low,Alkaline Soil,borderline; low_model_reliability,high,FALSE,high,Requires Fertile Soil,high_model_reliability,"L=high,M=med,R=med",0.0023333333333333335,FALSE,joint_prob_below_threshold
Salix caprea,5.382091099005725,4.2737510840374435,8.605678347307087,7.101193894941796,10.475767455610006,MAG,med,FALSE,medium,Partial Sun,,med,FALSE,medium,Temperate,,high,FALSE,high,Requires Wet Soil,high_model_reliability,high,FALSE,low,Alkaline Soil,low_model_reliability,high,FALSE,high,Requires Fertile Soil,high_model_reliability,"L=high,M=med,R=med",0.0033333333333333335,FALSE,joint_prob_below_threshold
Salix cinerea,6.140843946539021,4.125432032886809,8.275835839089737,6.909614821014055,9.092931301318748,MAG,med,TRUE,low,Partial Sun,borderline,med,FALSE,medium,Temperate,,high,FALSE,high,Requires Wet Soil,high_model_reliability,high,TRUE,very_low,Alkaline Soil,borderline; low_model_reliability,high,FALSE,high,Requires Fertile Soil,high_model_reliability,"L=high,M=med,R=med",0.012666666666666666,FALSE,joint_prob_below_threshold
Salix purpurea,6.560094537459833,4.195853882507523,7.486368429086523,6.583450237632319,7.840173325993906,MAG,high,TRUE,low,Full Sun,borderline,med,FALSE,medium,Temperate,,high,FALSE,high,Requires Wet Soil,high_model_reliability,high,TRUE,very_low,Alkaline Soil,borderline; low_model_reliability,high,FALSE,high,Requires Fertile Soil,high_model_reliability,"L=high,M=med,R=med",0.059,FALSE,joint_prob_below_threshold
Salix repens,7.358995097957546,3.2518111281825344,6.080892203911563,6.246059325390691,5.315137950814967,MAG,high,FALSE,medium,Full Sun,,low,TRUE,low,Cool Climate,borderline,med,TRUE,medium,Average Moisture,borderline; high_model_reliability,med,TRUE,very_low,Neutral Soil,borderline; low_model_reliability,med,FALSE,high,Average/Rich Soil,high_model_reliability,"L=high,M=med,R=med",0.26166666666666666,FALSE,joint_prob_below_threshold
Salix triandra,6.278113829650172,3.850955707120872,9.117536920059464,7.011663513503976,9.974088808359186,MAG,med,TRUE,low,Partial Sun,borderline,med,TRUE,low,Temperate,borderline,high,FALSE,high,Requires Wet Soil,high_model_reliability,high,FALSE,low,Alkaline Soil,low_model_reliability,high,FALSE,high,Requires Fertile Soil,high_model_reliability,"L=high,M=med,R=med",0.0033333333333333335,FALSE,joint_prob_below_threshold
Salsola kali,6.882250566369878,4.495829746942572,6.793455405698659,7.344425335637338,7.565938548173394,MAG,high,TRUE,low,Full Sun,borderline,med,FALSE,medium,Temperate,,high,TRUE,medium,Requires Wet Soil,borderline; high_model_reliability,high,FALSE,low,Alkaline Soil,low_model_reliability,high,FALSE,high,Requires Fertile Soil,high_model_reliability,"L=high,M=med,R=med",0.07733333333333334,FALSE,joint_prob_below_threshold
Salvia glutinosa,4.688678643041703,4.451003401382106,8.508973788491453,8.614933153251986,13.021506875455149,MAG,med,FALSE,medium,Partial Sun,,med,FALSE,medium,Temperate,,high,FALSE,high,Requires Wet Soil,high_model_reliability,high,FALSE,low,Alkaline Soil,low_model_reliability,high,FALSE,high,Requires Fertile Soil,high_model_reliability,"L=high,M=med,R=med",3.333333333333333e-4,FALSE,joint_prob_below_threshold
Salvia pratensis,5.457985941269936,4.307710902696066,7.917615703225862,8.090202918816793,10.099969602131194,MAG,med,FALSE,medium,Partial Sun,,med,FALSE,medium,Temperate,,high,FALSE,high,Requires Wet Soil,high_model_reliability,high,FALSE,low,Alkaline Soil,low_model_reliability,high,FALSE,high,Requires Fertile Soil,high_model_reliability,"L=high,M=med,R=med",0.004333333333333333,FALSE,joint_prob_below_threshold
Sambucus nigra,4.7704886160487074,5.142255997906283,7.844732768215688,7.632750650414696,11.044011595318876,MAG,med,FALSE,medium,Partial Sun,,med,FALSE,medium,Temperate,,high,FALSE,high,Requires Wet Soil,high_model_reliability,high,FALSE,low,Alkaline Soil,low_model_reliability,high,FALSE,high,Requires Fertile Soil,high_model_reliability,"L=high,M=med,R=med",0.003,FALSE,joint_prob_below_threshold
Samolus valerandi,7.464582430645703,2.9887065991772355,7.968914735029707,7.061243459223348,7.6810218213421795,MAG,high,FALSE,medium,Full Sun,,low,FALSE,medium,Cool Climate,,high,FALSE,high,Requires Wet Soil,high_model_reliability,high,FALSE,low,Alkaline Soil,low_model_reliability,high,FALSE,high,Requires Fertile Soil,high_model_reliability,"L=high,M=med,R=med",0.02666666666666667,FALSE,joint_prob_below_threshold
Sanguisorba minor,6.394325115529288,4.201314020528065,5.7406915163996945,7.36205580095023,6.661169761913891,MAG,med,TRUE,low,Partial Sun,borderline,med,FALSE,medium,Temperate,,med,FALSE,high,Average Moisture,high_model_reliability,high,FALSE,low,Alkaline Soil,low_model_reliability,high,TRUE,medium,Requires Fertile Soil,borderline; high_model_reliability,"L=high,M=med,R=med",0.1,FALSE,joint_prob_below_threshold
Sanguisorba officinalis,6.18898109501042,4.40020236598264,6.627122738887348,7.334366577979501,7.796980620787903,MAG,med,TRUE,low,Partial Sun,borderline,med,FALSE,medium,Temperate,,high,TRUE,medium,Requires Wet Soil,borderline; high_model_reliability,high,FALSE,low,Alkaline Soil,low_model_reliability,high,FALSE,high,Requires Fertile Soil,high_model_reliability,"L=high,M=med,R=med",0.06366666666666666,FALSE,joint_prob_below_threshold
Sanicula europaea,5.655293249086093,4.211312203189724,7.063543702979933,7.885558764775896,9.236083343658962,MAG,med,FALSE,medium,Partial Sun,,med,FALSE,medium,Temperate,,high,FALSE,high,Requires Wet Soil,high_model_reliability,high,FALSE,low,Alkaline Soil,low_model_reliability,high,FALSE,high,Requires Fertile Soil,high_model_reliability,"L=high,M=med,R=med",0.018666666666666668,FALSE,joint_prob_below_threshold
Saponaria ocymoides,6.699532704738424,4.1327288713422545,5.377249831288957,7.062440674403291,6.556285964951348,MAG,high,TRUE,low,Full Sun,borderline,med,FALSE,medium,Temperate,,med,FALSE,high,Average Moisture,high_model_reliability,high,FALSE,low,Alkaline Soil,low_model_reliability,high,TRUE,medium,Requires Fertile Soil,borderline; high_model_reliability,"L=high,M=med,R=med",0.158,FALSE,joint_prob_below_threshold
Saponaria officinalis,6.021277484898167,4.324274647807416,7.580383157600252,7.739215520218222,8.588792359525987,MAG,med,TRUE,low,Partial Sun,borderline,med,FALSE,medium,Temperate,,high,FALSE,high,Requires Wet Soil,high_model_reliability,high,FALSE,low,Alkaline Soil,low_model_reliability,high,FALSE,high,Requires Fertile Soil,high_model_reliability,"L=high,M=med,R=med",0.016666666666666666,FALSE,joint_prob_below_threshold
Sarracenia purpurea,6.074415463731088,4.001604487380617,7.273173244097453,7.798164690924866,7.839406749835504,MAG,med,TRUE,low,Partial Sun,borderline,med,FALSE,medium,Temperate,,high,FALSE,high,Requires Wet Soil,high_model_reliability,high,FALSE,low,Alkaline Soil,low_model_reliability,high,FALSE,high,Requires Fertile Soil,high_model_reliability,"L=high,M=med,R=med",0.019333333333333334,FALSE,joint_prob_below_threshold
Saussurea alpina,6.570905024882447,3.8612230873386606,6.405537280416198,7.465398197123193,7.155151232188168,MAG,high,TRUE,low,Full Sun,borderline,med,TRUE,low,Temperate,borderline,med,TRUE,medium,Average Moisture,borderline; high_model_reliability,high,FALSE,low,Alkaline Soil,low_model_reliability,high,FALSE,high,Requires Fertile Soil,high_model_reliability,"L=high,M=med,R=med",0.07466666666666667,FALSE,joint_prob_below_threshold
Saxifraga aizoides,8.529195298535939,2.8971528528103434,6.007215880799106,6.502848513783468,3.8426276497462375,MAG,high,FALSE,medium,Full Sun,,low,FALSE,medium,Cool Climate,,med,TRUE,medium,Average Moisture,borderline; high_model_reliability,high,TRUE,very_low,Alkaline Soil,borderline; low_model_reliability,med,TRUE,medium,Average/Rich Soil,borderline; high_model_reliability,"L=high,M=med,R=med",0.24366666666666667,FALSE,joint_prob_below_threshold
Saxifraga oppositifolia,7.992180641795224,3.141704929391273,5.65316232463892,6.488821728418012,4.434014664271398,MAG,high,FALSE,medium,Full Sun,,low,TRUE,low,Cool Climate,borderline,med,FALSE,high,Average Moisture,high_model_reliability,med,TRUE,very_low,Neutral Soil,borderline; low_model_reliability,med,FALSE,high,Average/Rich Soil,high_model_reliability,"L=high,M=med,R=med",0.291,FALSE,joint_prob_below_threshold
Saxifraga rotundifolia,6.867456430450879,3.1331032573356334,8.580788390638542,7.535806010865254,8.934958541400798,MAG,high,TRUE,low,Full Sun,borderline,low,TRUE,low,Cool Climate,borderline,high,FALSE,high,Requires Wet Soil,high_model_reliability,high,FALSE,low,Alkaline Soil,low_model_reliability,high,FALSE,high,Requires Fertile Soil,high_model_reliability,"L=high,M=med,R=med",0.007,FALSE,joint_prob_below_threshold
Scabiosa atropurpurea,5.896077581280796,4.40535327758251,7.57031076724175,7.713397160565155,9.285605490589804,MAG,med,FALSE,medium,Partial Sun,,med,FALSE,medium,Temperate,,high,FALSE,high,Requires Wet Soil,high_model_reliability,high,FALSE,low,Alkaline Soil,low_model_reliability,high,FALSE,high,Requires Fertile Soil,high_model_reliability,"L=high,M=med,R=med",0.016,FALSE,joint_prob_below_threshold
Schoenoplectus lacustris,5.643670843552094,4.954819694912299,9.298986177237992,8.182834207864104,11.107508650762403,MAG,med,FALSE,medium,Partial Sun,,med,FALSE,medium,Temperate,,high,FALSE,high,Requires Wet Soil,high_model_reliability,high,FALSE,low,Alkaline Soil,low_model_reliability,high,FALSE,high,Requires Fertile Soil,high_model_reliability,"L=high,M=med,R=med",6.666666666666666e-4,FALSE,joint_prob_below_threshold
Schoenus nigricans,6.820973890046594,3.8595077507070386,5.794862685306674,6.803449531843757,5.450398275022373,MAG,high,TRUE,low,Full Sun,borderline,med,TRUE,low,Temperate,borderline,med,FALSE,high,Average Moisture,high_model_reliability,high,TRUE,very_low,Alkaline Soil,borderline; low_model_reliability,med,FALSE,high,Average/Rich Soil,high_model_reliability,"L=high,M=med,R=med",0.18233333333333332,FALSE,joint_prob_below_threshold
Scilla bifolia,5.379417476648839,4.3679633919919985,8.58340863001899,8.987562557581754,13.570229641063596,MAG,med,FALSE,medium,Partial Sun,,med,FALSE,medium,Temperate,,high,FALSE,high,Requires Wet Soil,high_model_reliability,high,FALSE,low,Alkaline Soil,low_model_reliability,high,FALSE,high,Requires Fertile Soil,high_model_reliability,"L=high,M=med,R=med",0,FALSE,joint_prob_below_threshold
Scleranthus annuus,7.857644413220155,3.820017894004806,4.82975138468752,6.641984357987154,4.319489142253949,MAG,high,FALSE,medium,Full Sun,,med,TRUE,low,Temperate,borderline,med,FALSE,high,Average Moisture,high_model_reliability,high,TRUE,very_low,Alkaline Soil,borderline; low_model_reliability,med,FALSE,high,Average/Rich Soil,high_model_reliability,"L=high,M=med,R=med",0.292,FALSE,joint_prob_below_threshold
Scorzoneroides autumnalis,6.951991579380189,3.6483313071420023,6.181177761083191,7.198795002019314,6.585274153467321,MAG,high,TRUE,low,Full Sun,borderline,med,TRUE,low,Temperate,borderline,med,TRUE,medium,Average Moisture,borderline; high_model_reliability,high,FALSE,low,Alkaline Soil,low_model_reliability,high,TRUE,medium,Requires Fertile Soil,borderline; high_model_reliability,"L=high,M=med,R=med",0.12966666666666668,FALSE,joint_prob_below_threshold
Scorzoneroides helvetica,6.713701595400547,3.820195975395917,5.417110137556914,7.116741659090614,6.134460311246783,MAG,high,TRUE,low,Full Sun,borderline,med,TRUE,low,Temperate,borderline,med,FALSE,high,Average Moisture,high_model_reliability,high,FALSE,low,Alkaline Soil,low_model_reliability,med,TRUE,medium,Average/Rich Soil,borderline; high_model_reliability,"L=high,M=med,R=med",0.152,FALSE,joint_prob_below_threshold
Scrophularia nodosa,5.778364890735426,3.613442754158626,9.24060847310748,7.910535677254859,11.521041386343542,MAG,med,FALSE,medium,Partial Sun,,med,TRUE,low,Temperate,borderline,high,FALSE,high,Requires Wet Soil,high_model_reliability,high,FALSE,low,Alkaline Soil,low_model_reliability,high,FALSE,high,Requires Fertile Soil,high_model_reliability,"L=high,M=med,R=med",0.001,FALSE,joint_prob_below_threshold
Sedum acre,8.805062513450515,2.905130550268045,6.698569823801395,6.651347757350257,4.276058072040009,MAG,high,FALSE,medium,Full Sun,,low,FALSE,medium,Cool Climate,,high,TRUE,medium,Requires Wet Soil,borderline; high_model_reliability,high,TRUE,very_low,Alkaline Soil,borderline; low_model_reliability,med,FALSE,high,Average/Rich Soil,high_model_reliability,"L=high,M=med,R=med",0.13766666666666666,FALSE,joint_prob_below_threshold
Sedum album,8.680435542179277,3.0129051080715423,7.30728064434084,6.753243203096238,5.08378838735139,MAG,high,FALSE,medium,Full Sun,,low,TRUE,low,Cool Climate,borderline,high,FALSE,high,Requires Wet Soil,high_model_reliability,high,TRUE,very_low,Alkaline Soil,borderline; low_model_reliability,med,FALSE,high,Average/Rich Soil,high_model_reliability,"L=high,M=med,R=med",0.07333333333333333,FALSE,joint_prob_below_threshold
Sedum tenellum,9.32205917570471,2.5891459386880524,5.8094079148461715,5.967866069033829,2.541123254807288,MAG,high,FALSE,medium,Full Sun,,low,FALSE,medium,Cool Climate,,med,FALSE,high,Average Moisture,high_model_reliability,med,FALSE,low,Neutral Soil,low_model_reliability,low,FALSE,high,Poor Soil,high_model_reliability,"L=high,M=med,R=med",0.26966666666666667,FALSE,joint_prob_below_threshold
Sempervivum tectorum,7.750255655331921,2.9602469303998857,9.354121709565923,7.418409663300515,8.37142461318078,MAG,high,FALSE,medium,Full Sun,,low,FALSE,medium,Cool Climate,,high,FALSE,high,Requires Wet Soil,high_model_reliability,high,FALSE,low,Alkaline Soil,low_model_reliability,high,FALSE,high,Requires Fertile Soil,high_model_reliability,"L=high,M=med,R=med",0.0023333333333333335,FALSE,joint_prob_below_threshold
Senecio doronicum,6.44540739355578,3.515955442449893,7.788755021437945,7.709604179249926,8.963805358000958,MAG,med,TRUE,low,Partial Sun,borderline,med,TRUE,low,Temperate,borderline,high,FALSE,high,Requires Wet Soil,high_model_reliability,high,FALSE,low,Alkaline Soil,low_model_reliability,high,FALSE,high,Requires Fertile Soil,high_model_reliability,"L=high,M=med,R=med",0.013333333333333334,FALSE,joint_prob_below_threshold
Senecio inaequidens,6.652088373926137,3.775233341586117,5.854170752693805,6.491624981715257,6.1108267868766335,MAG,high,TRUE,low,Full Sun,borderline,med,TRUE,low,Temperate,borderline,med,FALSE,high,Average Moisture,high_model_reliability,med,TRUE,very_low,Neutral Soil,borderline; low_model_reliability,med,TRUE,medium,Average/Rich Soil,borderline; high_model_reliability,"L=high,M=med,R=med",0.19566666666666666,FALSE,joint_prob_below_threshold
Senecio nemorensis,5.087746480849978,4.327728967120906,9.259961218874302,8.305786231297532,12.96938817978235,MAG,med,FALSE,medium,Partial Sun,,med,FALSE,medium,Temperate,,high,FALSE,high,Requires Wet Soil,high_model_reliability,high,FALSE,low,Alkaline Soil,low_model_reliability,high,FALSE,high,Requires Fertile Soil,high_model_reliability,"L=high,M=med,R=med",6.666666666666666e-4,FALSE,joint_prob_below_threshold
Senecio ovatus,5.117724761026302,4.418272628906775,9.277520290376213,8.438358005185314,12.6359080843714,MAG,med,FALSE,medium,Partial Sun,,med,FALSE,medium,Temperate,,high,FALSE,high,Requires Wet Soil,high_model_reliability,high,FALSE,low,Alkaline Soil,low_model_reliability,high,FALSE,high,Requires Fertile Soil,high_model_reliability,"L=high,M=med,R=med",3.333333333333333e-4,FALSE,joint_prob_below_threshold
Senecio vulgaris,6.460741987686189,3.643628538944849,8.10337062935561,7.729627342876954,10.29792575196911,MAG,med,TRUE,low,Partial Sun,borderline,med,TRUE,low,Temperate,borderline,high,FALSE,high,Requires Wet Soil,high_model_reliability,high,FALSE,low,Alkaline Soil,low_model_reliability,high,FALSE,high,Requires Fertile Soil,high_model_reliability,"L=high,M=med,R=med",0.009333333333333334,FALSE,joint_prob_below_threshold
Sequoia sempervirens,5.961863685209625,6.727495841999212,8.352441981059654,6.704620612279427,8.75926364279574,MAG,med,FALSE,medium,Partial Sun,,high,TRUE,low,Warm Climate,borderline,high,FALSE,high,Requires Wet Soil,high_model_reliability,high,TRUE,very_low,Alkaline Soil,borderline; low_model_reliability,high,FALSE,high,Requires Fertile Soil,high_model_reliability,"L=high,M=med,R=med",0.013666666666666667,FALSE,joint_prob_below_threshold
Sequoiadendron giganteum,7.399454578530796,7.056436145976547,7.642013389309112,6.101897384790052,5.244320718279351,MAG,high,FALSE,medium,Full Sun,,high,FALSE,medium,Warm Climate,,high,FALSE,high,Requires Wet Soil,high_model_reliability,med,TRUE,very_low,Neutral Soil,borderline; low_model_reliability,med,FALSE,high,Average/Rich Soil,high_model_reliability,"L=high,M=med,R=med",0.078,FALSE,joint_prob_below_threshold
Serratula tinctoria,5.753269409078401,4.335035785466903,7.556033553467241,7.899458051603345,9.045435839158136,MAG,med,FALSE,medium,Partial Sun,,med,FALSE,medium,Temperate,,high,FALSE,high,Requires Wet Soil,high_model_reliability,high,FALSE,low,Alkaline Soil,low_model_reliability,high,FALSE,high,Requires Fertile Soil,high_model_reliability,"L=high,M=med,R=med",0.013,FALSE,joint_prob_below_threshold
Seseli montanum,6.578664441582713,4.107211920268132,6.497517574094875,7.243909121243587,7.0177277813429,MAG,high,TRUE,low,Full Sun,borderline,med,FALSE,medium,Temperate,,med,TRUE,medium,Average Moisture,borderline; high_model_reliability,high,FALSE,low,Alkaline Soil,low_model_reliability,high,FALSE,high,Requires Fertile Soil,high_model_reliability,"L=high,M=med,R=med",0.08866666666666667,FALSE,joint_prob_below_threshold
Sesleria caerulea,6.48733491489482,3.9582377753988727,5.666229792093505,7.064394640579464,6.236766986565252,MAG,med,TRUE,low,Partial Sun,borderline,med,TRUE,low,Temperate,borderline,med,FALSE,high,Average Moisture,high_model_reliability,high,FALSE,low,Alkaline Soil,low_model_reliability,med,TRUE,medium,Average/Rich Soil,borderline; high_model_reliability,"L=high,M=med,R=med",0.12933333333333333,FALSE,joint_prob_below_threshold
Setaria italica,5.4160580562915905,4.538103954266253,8.34215943271826,8.119728052843723,10.446640743955788,MAG,med,FALSE,medium,Partial Sun,,med,FALSE,medium,Temperate,,high,FALSE,high,Requires Wet Soil,high_model_reliability,high,FALSE,low,Alkaline Soil,low_model_reliability,high,FALSE,high,Requires Fertile Soil,high_model_reliability,"L=high,M=med,R=med",0.0023333333333333335,FALSE,joint_prob_below_threshold
Setaria parviflora,6.478322773589493,3.8992298897952575,6.386927199138096,7.2522039144569215,6.8969484531115315,MAG,med,TRUE,low,Partial Sun,borderline,med,TRUE,low,Temperate,borderline,med,TRUE,medium,Average Moisture,borderline; high_model_reliability,high,FALSE,low,Alkaline Soil,low_model_reliability,high,TRUE,medium,Requires Fertile Soil,borderline; high_model_reliability,"L=high,M=med,R=med",0.088,FALSE,joint_prob_below_threshold
Setaria pumila,5.736663338823781,4.217119263866176,7.594595467206791,7.860190636790966,9.749534382109982,MAG,med,FALSE,medium,Partial Sun,,med,FALSE,medium,Temperate,,high,FALSE,high,Requires Wet Soil,high_model_reliability,high,FALSE,low,Alkaline Soil,low_model_reliability,high,FALSE,high,Requires Fertile Soil,high_model_reliability,"L=high,M=med,R=med",0.013,FALSE,joint_prob_below_threshold
Setaria viridis,6.0831449339972545,4.015649938684185,6.788213988062134,7.529958955750016,8.363965241319997,MAG,med,TRUE,low,Partial Sun,borderline,med,FALSE,medium,Temperate,,high,TRUE,medium,Requires Wet Soil,borderline; high_model_reliability,high,FALSE,low,Alkaline Soil,low_model_reliability,high,FALSE,high,Requires Fertile Soil,high_model_reliability,"L=high,M=med,R=med",0.044333333333333336,FALSE,joint_prob_below_threshold
Sibbaldia procumbens,7.464476929679536,2.9340969442756824,4.158426822758648,6.639809216108484,3.757827434430208,MAG,high,FALSE,medium,Full Sun,,low,FALSE,medium,Cool Climate,,med,FALSE,high,Average Moisture,high_model_reliability,high,TRUE,very_low,Alkaline Soil,borderline; low_model_reliability,med,TRUE,medium,Average/Rich Soil,borderline; high_model_reliability,"L=high,M=med,R=med",0.22566666666666665,FALSE,joint_prob_below_threshold
Silene acaulis,8.55134827485272,3.0812772598090383,4.350467568979126,6.346718261861238,2.389994873574494,MAG,high,FALSE,medium,Full Sun,,low,TRUE,low,Cool Climate,borderline,med,FALSE,high,Average Moisture,high_model_reliability,med,TRUE,very_low,Neutral Soil,borderline; low_model_reliability,low,FALSE,high,Poor Soil,high_model_reliability,"L=high,M=med,R=med",0.31066666666666665,FALSE,joint_prob_below_threshold
Silene dioica,5.580470136194821,4.064614736909416,8.689358737548059,8.150822574043048,11.513857282935192,MAG,med,FALSE,medium,Partial Sun,,med,FALSE,medium,Temperate,,high,FALSE,high,Requires Wet Soil,high_model_reliability,high,FALSE,low,Alkaline Soil,low_model_reliability,high,FALSE,high,Requires Fertile Soil,high_model_reliability,"L=high,M=med,R=med",0.0013333333333333333,FALSE,joint_prob_below_threshold
Silene flos-cuculi,6.654520216537122,3.69829056627282,7.422729073917612,7.1869689381044575,7.905605767620213,MAG,high,TRUE,low,Full Sun,borderline,med,TRUE,low,Temperate,borderline,high,FALSE,high,Requires Wet Soil,high_model_reliability,high,FALSE,low,Alkaline Soil,low_model_reliability,high,FALSE,high,Requires Fertile Soil,high_model_reliability,"L=high,M=med,R=med",0.043666666666666666,FALSE,joint_prob_below_threshold
Silene gallica,6.742429156096565,3.780779789282755,7.237116105518309,7.392392504671069,7.725203025732108,MAG,high,TRUE,low,Full Sun,borderline,med,TRUE,low,Temperate,borderline,high,FALSE,high,Requires Wet Soil,high_model_reliability,high,FALSE,low,Alkaline Soil,low_model_reliability,high,FALSE,high,Requires Fertile Soil,high_model_reliability,"L=high,M=med,R=med",0.04566666666666667,FALSE,joint_prob_below_threshold
Silene italica,6.300999067289129,3.8906242961195368,7.016196349528955,7.322156036494438,7.9478294433836,MAG,med,TRUE,low,Partial Sun,borderline,med,TRUE,low,Temperate,borderline,high,FALSE,high,Requires Wet Soil,high_model_reliability,high,FALSE,low,Alkaline Soil,low_model_reliability,high,FALSE,high,Requires Fertile Soil,high_model_reliability,"L=high,M=med,R=med",0.051,FALSE,joint_prob_below_threshold
Silene nutans,6.372651467901678,3.777796672759427,7.385520747587266,7.434621040728247,9.089868520145725,MAG,med,TRUE,low,Partial Sun,borderline,med,TRUE,low,Temperate,borderline,high,FALSE,high,Requires Wet Soil,high_model_reliability,high,FALSE,low,Alkaline Soil,low_model_reliability,high,FALSE,high,Requires Fertile Soil,high_model_reliability,"L=high,M=med,R=med",0.03,FALSE,joint_prob_below_threshold
Silene otites,6.955163285262447,3.5972517768309795,6.855378245637207,7.081571409173776,7.315908417030954,MAG,high,TRUE,low,Full Sun,borderline,med,TRUE,low,Temperate,borderline,high,TRUE,medium,Requires Wet Soil,borderline; high_model_reliability,high,FALSE,low,Alkaline Soil,low_model_reliability,high,FALSE,high,Requires Fertile Soil,high_model_reliability,"L=high,M=med,R=med",0.09366666666666666,FALSE,joint_prob_below_threshold
Silene viscaria,7.0904363613188215,3.3447317789814983,7.388831471826575,6.958111114260881,7.126916135180437,MAG,high,FALSE,medium,Full Sun,,low,TRUE,low,Cool Climate,borderline,high,FALSE,high,Requires Wet Soil,high_model_reliability,high,TRUE,very_low,Alkaline Soil,borderline; low_model_reliability,high,FALSE,high,Requires Fertile Soil,high_model_reliability,"L=high,M=med,R=med",0.06166666666666667,FALSE,joint_prob_below_threshold
Silene vulgaris,6.009228421668659,4.029577376879466,7.656851598354923,7.748246737692316,9.500408290166126,MAG,med,TRUE,low,Partial Sun,borderline,med,FALSE,medium,Temperate,,high,FALSE,high,Requires Wet Soil,high_model_reliability,high,FALSE,low,Alkaline Soil,low_model_reliability,high,FALSE,high,Requires Fertile Soil,high_model_reliability,"L=high,M=med,R=med",0.014666666666666666,FALSE,joint_prob_below_threshold
Solanum dulcamara,5.2283215081268954,4.422339560958263,7.835223266713024,7.840034839247781,11.099171232915726,MAG,med,FALSE,medium,Partial Sun,,med,FALSE,medium,Temperate,,high,FALSE,high,Requires Wet Soil,high_model_reliability,high,FALSE,low,Alkaline Soil,low_model_reliability,high,FALSE,high,Requires Fertile Soil,high_model_reliability,"L=high,M=med,R=med",0.005,FALSE,joint_prob_below_threshold
Solanum tuberosum,5.099410531531239,4.048272659539773,9.121370678175872,8.40309437292506,12.713327975021684,MAG,med,FALSE,medium,Partial Sun,,med,FALSE,medium,Temperate,,high,FALSE,high,Requires Wet Soil,high_model_reliability,high,FALSE,low,Alkaline Soil,low_model_reliability,high,FALSE,high,Requires Fertile Soil,high_model_reliability,"L=high,M=med,R=med",6.666666666666666e-4,FALSE,joint_prob_below_threshold
Soldanella pusilla,7.752054041812295,2.986822018486079,5.010529716756717,6.670541500554753,4.264967487270617,MAG,high,FALSE,medium,Full Sun,,low,FALSE,medium,Cool Climate,,med,FALSE,high,Average Moisture,high_model_reliability,high,TRUE,very_low,Alkaline Soil,borderline; low_model_reliability,med,FALSE,high,Average/Rich Soil,high_model_reliability,"L=high,M=med,R=med",0.283,FALSE,joint_prob_below_threshold
Solidago canadensis,6.588277537709803,3.693603335653828,8.248034317624336,7.233421003648578,8.697716036292343,MAG,high,TRUE,low,Full Sun,borderline,med,TRUE,low,Temperate,borderline,high,FALSE,high,Requires Wet Soil,high_model_reliability,high,FALSE,low,Alkaline Soil,low_model_reliability,high,FALSE,high,Requires Fertile Soil,high_model_reliability,"L=high,M=med,R=med",0.012333333333333333,FALSE,joint_prob_below_threshold
Solidago gigantea,6.519482324773347,3.9512610128055727,8.14627800169259,7.210007098796341,8.520213975340049,MAG,high,TRUE,low,Full Sun,borderline,med,TRUE,low,Temperate,borderline,high,FALSE,high,Requires Wet Soil,high_model_reliability,high,FALSE,low,Alkaline Soil,low_model_reliability,high,FALSE,high,Requires Fertile Soil,high_model_reliability,"L=high,M=med,R=med",0.014333333333333333,FALSE,joint_prob_below_threshold
Solidago rugosa,6.316636342262164,3.747560066109221,8.158876994699975,7.338571722223928,9.156990267696122,MAG,med,TRUE,low,Partial Sun,borderline,med,TRUE,low,Temperate,borderline,high,FALSE,high,Requires Wet Soil,high_model_reliability,high,FALSE,low,Alkaline Soil,low_model_reliability,high,FALSE,high,Requires Fertile Soil,high_model_reliability,"L=high,M=med,R=med",0.011666666666666667,FALSE,joint_prob_below_threshold
Solidago virgaurea,6.044665971775531,3.9852289676669184,7.751167203729164,7.628700724423175,9.570419709106169,MAG,med,TRUE,low,Partial Sun,borderline,med,TRUE,low,Temperate,borderline,high,FALSE,high,Requires Wet Soil,high_model_reliability,high,FALSE,low,Alkaline Soil,low_model_reliability,high,FALSE,high,Requires Fertile Soil,high_model_reliability,"L=high,M=med,R=med",0.014333333333333333,FALSE,joint_prob_below_threshold
Sonchus asper,6.211694062922559,3.8555253352680463,8.851201496186722,7.931217430970005,9.628909356094036,MAG,med,TRUE,low,Partial Sun,borderline,med,TRUE,low,Temperate,borderline,high,FALSE,high,Requires Wet Soil,high_model_reliability,high,FALSE,low,Alkaline Soil,low_model_reliability,high,FALSE,high,Requires Fertile Soil,high_model_reliability,"L=high,M=med,R=med",0.0026666666666666666,FALSE,joint_prob_below_threshold
Sonchus oleraceus,5.632319515648457,3.968286761489448,9.165025410623995,8.087973591931469,12.14295831306221,MAG,med,FALSE,medium,Partial Sun,,med,TRUE,low,Temperate,borderline,high,FALSE,high,Requires Wet Soil,high_model_reliability,high,FALSE,low,Alkaline Soil,low_model_reliability,high,FALSE,high,Requires Fertile Soil,high_model_reliability,"L=high,M=med,R=med",6.666666666666666e-4,FALSE,joint_prob_below_threshold
Sorbus aria,4.01286195269941,5.805416067577261,6.188696474434398,7.375458334276441,9.580612536752348,MAG,med,FALSE,medium,Partial Sun,,med,FALSE,medium,Temperate,,med,TRUE,medium,Average Moisture,borderline; high_model_reliability,high,FALSE,low,Alkaline Soil,low_model_reliability,high,FALSE,high,Requires Fertile Soil,high_model_reliability,"L=high,M=med,R=med",0.006,FALSE,joint_prob_below_threshold
Sorbus aucuparia,4.819819375509935,5.576595017646233,7.32590898579288,7.091329450956495,9.800886152804368,MAG,med,FALSE,medium,Partial Sun,,med,FALSE,medium,Temperate,,high,FALSE,high,Requires Wet Soil,high_model_reliability,high,FALSE,low,Alkaline Soil,low_model_reliability,high,FALSE,high,Requires Fertile Soil,high_model_reliability,"L=high,M=med,R=med",0.011,FALSE,joint_prob_below_threshold
Sorbus torminalis,3.7924095486071887,5.936947689295205,6.764166480323795,7.5706544688531245,10.485260768682789,MAG,med,TRUE,low,Partial Sun,borderline,med,FALSE,medium,Temperate,,high,TRUE,medium,Requires Wet Soil,borderline; high_model_reliability,high,FALSE,low,Alkaline Soil,low_model_reliability,high,FALSE,high,Requires Fertile Soil,high_model_reliability,"L=high,M=med,R=med",0.0026666666666666666,FALSE,joint_prob_below_threshold
Sorghum bicolor,4.443437120255464,5.06666200094889,7.8433964760317325,8.220449042506115,11.299442719830935,MAG,med,FALSE,medium,Partial Sun,,med,FALSE,medium,Temperate,,high,FALSE,high,Requires Wet Soil,high_model_reliability,high,FALSE,low,Alkaline Soil,low_model_reliability,high,FALSE,high,Requires Fertile Soil,high_model_reliability,"L=high,M=med,R=med",0.0016666666666666668,FALSE,joint_prob_below_threshold
Sorghum halepense,5.005892589572474,4.737307652881988,7.500271726507787,7.7846144918351055,10.069756645463436,MAG,med,FALSE,medium,Partial Sun,,med,FALSE,medium,Temperate,,high,FALSE,high,Requires Wet Soil,high_model_reliability,high,FALSE,low,Alkaline Soil,low_model_reliability,high,FALSE,high,Requires Fertile Soil,high_model_reliability,"L=high,M=med,R=med",0.006666666666666667,FALSE,joint_prob_below_threshold
Sparganium angustifolium,6.160675064193149,4.025813250890553,7.322595060417194,8.020844651866248,9.209356870453362,MAG,med,TRUE,low,Partial Sun,borderline,med,FALSE,medium,Temperate,,high,FALSE,high,Requires Wet Soil,high_model_reliability,high,FALSE,low,Alkaline Soil,low_model_reliability,high,FALSE,high,Requires Fertile Soil,high_model_reliability,"L=high,M=med,R=med",0.015,FALSE,joint_prob_below_threshold
Sparganium emersum,5.310944015307456,4.393055619961775,8.97834827375516,8.771357096215144,13.071156511317346,MAG,med,FALSE,medium,Partial Sun,,med,FALSE,medium,Temperate,,high,FALSE,high,Requires Wet Soil,high_model_reliability,high,FALSE,low,Alkaline Soil,low_model_reliability,high,FALSE,high,Requires Fertile Soil,high_model_reliability,"L=high,M=med,R=med",3.333333333333333e-4,FALSE,joint_prob_below_threshold
Sparganium erectum,4.938512248276123,4.894418700474935,8.380859573069763,8.727171759047195,11.317687197805771,MAG,med,FALSE,medium,Partial Sun,,med,FALSE,medium,Temperate,,high,FALSE,high,Requires Wet Soil,high_model_reliability,high,FALSE,low,Alkaline Soil,low_model_reliability,high,FALSE,high,Requires Fertile Soil,high_model_reliability,"L=high,M=med,R=med",0.001,FALSE,joint_prob_below_threshold
Spergula arvensis,7.527694406898958,3.957537603631772,6.395384121859696,6.875241209119116,6.31318057246012,MAG,high,FALSE,medium,Full Sun,,med,TRUE,low,Temperate,borderline,med,TRUE,medium,Average Moisture,borderline; high_model_reliability,high,TRUE,very_low,Alkaline Soil,borderline; low_model_reliability,med,TRUE,medium,Average/Rich Soil,borderline; high_model_reliability,"L=high,M=med,R=med",0.16,FALSE,joint_prob_below_threshold
Spergularia diandra,9.025713845441558,2.4565423431006126,5.805128234056587,6.2176811098281854,3.280491164001127,MAG,high,FALSE,medium,Full Sun,,low,FALSE,medium,Cool Climate,,med,FALSE,high,Average Moisture,high_model_reliability,med,TRUE,very_low,Neutral Soil,borderline; low_model_reliability,low,TRUE,medium,Poor Soil,borderline; high_model_reliability,"L=high,M=med,R=med",0.2713333333333333,FALSE,joint_prob_below_threshold
Spergularia rubra,8.41315382716331,2.9448807652065123,6.528509652738796,6.536786312316501,5.315823638385397,MAG,high,FALSE,medium,Full Sun,,low,FALSE,medium,Cool Climate,,high,TRUE,medium,Requires Wet Soil,borderline; high_model_reliability,high,TRUE,very_low,Alkaline Soil,borderline; low_model_reliability,med,FALSE,high,Average/Rich Soil,high_model_reliability,"L=high,M=med,R=med",0.182,FALSE,joint_prob_below_threshold
Sporobolus vaginiflorus,7.243362937062139,3.4962001199594672,3.830340171597828,6.058518621553189,3.280714167336507,MAG,high,FALSE,medium,Full Sun,,low,TRUE,low,Cool Climate,borderline,med,TRUE,medium,Average Moisture,borderline; high_model_reliability,med,TRUE,very_low,Neutral Soil,borderline; low_model_reliability,low,TRUE,medium,Poor Soil,borderline; high_model_reliability,"L=high,M=med,R=med",0.22833333333333333,FALSE,joint_prob_below_threshold
Stachys officinalis,5.900347857935618,4.022714510595397,8.069917345121027,8.054261204729048,10.0640633871186,MAG,med,FALSE,medium,Partial Sun,,med,FALSE,medium,Temperate,,high,FALSE,high,Requires Wet Soil,high_model_reliability,high,FALSE,low,Alkaline Soil,low_model_reliability,high,FALSE,high,Requires Fertile Soil,high_model_reliability,"L=high,M=med,R=med",0.005666666666666667,FALSE,joint_prob_below_threshold
Stachys palustris,5.940097028114735,4.2353592020638144,7.67101045807564,7.720034719957581,9.543881934578572,MAG,med,FALSE,medium,Partial Sun,,med,FALSE,medium,Temperate,,high,FALSE,high,Requires Wet Soil,high_model_reliability,high,FALSE,low,Alkaline Soil,low_model_reliability,high,FALSE,high,Requires Fertile Soil,high_model_reliability,"L=high,M=med,R=med",0.014666666666666666,FALSE,joint_prob_below_threshold
Stachys recta,5.990513364312626,4.115270629999958,7.035522702785171,7.615520990554469,8.97211433653079,MAG,med,FALSE,medium,Partial Sun,,med,FALSE,medium,Temperate,,high,FALSE,high,Requires Wet Soil,high_model_reliability,high,FALSE,low,Alkaline Soil,low_model_reliability,high,FALSE,high,Requires Fertile Soil,high_model_reliability,"L=high,M=med,R=med",0.03133333333333333,FALSE,joint_prob_below_threshold
Stachys sylvatica,5.61301812366311,4.252336909281112,7.731493622681878,7.8476352056272525,10.152456426251884,MAG,med,FALSE,medium,Partial Sun,,med,FALSE,medium,Temperate,,high,FALSE,high,Requires Wet Soil,high_model_reliability,high,FALSE,low,Alkaline Soil,low_model_reliability,high,FALSE,high,Requires Fertile Soil,high_model_reliability,"L=high,M=med,R=med",0.009666666666666667,FALSE,joint_prob_below_threshold
Stellaria graminea,6.7848616702248785,3.748909626457946,7.012560419236773,7.167557825605006,8.081802766649945,MAG,high,TRUE,low,Full Sun,borderline,med,TRUE,low,Temperate,borderline,high,FALSE,high,Requires Wet Soil,high_model_reliability,high,FALSE,low,Alkaline Soil,low_model_reliability,high,FALSE,high,Requires Fertile Soil,high_model_reliability,"L=high,M=med,R=med",0.07166666666666667,FALSE,joint_prob_below_threshold
Stellaria media,6.721961494682266,3.5601793126079517,7.622203234861355,7.7173954160082205,9.487675731834882,MAG,high,TRUE,low,Full Sun,borderline,med,TRUE,low,Temperate,borderline,high,FALSE,high,Requires Wet Soil,high_model_reliability,high,FALSE,low,Alkaline Soil,low_model_reliability,high,FALSE,high,Requires Fertile Soil,high_model_reliability,"L=high,M=med,R=med",0.021666666666666667,FALSE,joint_prob_below_threshold
Stellaria neglecta,5.914718528731358,4.0803565123827665,8.13142586491665,7.944092098039852,11.626344285462356,MAG,med,FALSE,medium,Partial Sun,,med,FALSE,medium,Temperate,,high,FALSE,high,Requires Wet Soil,high_model_reliability,high,FALSE,low,Alkaline Soil,low_model_reliability,high,FALSE,high,Requires Fertile Soil,high_model_reliability,"L=high,M=med,R=med",0.005666666666666667,FALSE,joint_prob_below_threshold
Stellaria nemorum,6.238841178504133,3.705344238536675,8.34610587631218,7.752695246973628,9.95238457402121,MAG,med,TRUE,low,Partial Sun,borderline,med,TRUE,low,Temperate,borderline,high,FALSE,high,Requires Wet Soil,high_model_reliability,high,FALSE,low,Alkaline Soil,low_model_reliability,high,FALSE,high,Requires Fertile Soil,high_model_reliability,"L=high,M=med,R=med",0.005333333333333333,FALSE,joint_prob_below_threshold
Stellaria pallida,7.57491541813363,3.3311050575792156,6.80570833201548,6.981190086203858,7.223029883400877,MAG,high,FALSE,medium,Full Sun,,low,TRUE,low,Cool Climate,borderline,high,TRUE,medium,Requires Wet Soil,borderline; high_model_reliability,high,TRUE,very_low,Alkaline Soil,borderline; low_model_reliability,high,FALSE,high,Requires Fertile Soil,high_model_reliability,"L=high,M=med,R=med",0.11266666666666666,FALSE,joint_prob_below_threshold
Stipa capillata,6.122268508802643,4.558027398718048,4.551431754094763,6.606350831718154,5.2345105331191535,MAG,med,TRUE,low,Partial Sun,borderline,med,FALSE,medium,Temperate,,med,FALSE,high,Average Moisture,high_model_reliability,high,TRUE,very_low,Alkaline Soil,borderline; low_model_reliability,med,FALSE,high,Average/Rich Soil,high_model_reliability,"L=high,M=med,R=med",0.13366666666666666,FALSE,joint_prob_below_threshold
Stipa pennata,5.855639873090378,4.931560826670374,4.159520253114768,6.802969088242589,5.223988406114042,MAG,med,FALSE,medium,Partial Sun,,med,FALSE,medium,Temperate,,med,FALSE,high,Average Moisture,high_model_reliability,high,TRUE,very_low,Alkaline Soil,borderline; low_model_reliability,med,FALSE,high,Average/Rich Soil,high_model_reliability,"L=high,M=med,R=med",0.08033333333333334,FALSE,joint_prob_below_threshold
Stuckenia pectinata,6.080692852210811,5.0134885951037775,7.201565030157995,7.624194000001045,9.80195721702674,MAG,med,TRUE,low,Partial Sun,borderline,med,FALSE,medium,Temperate,,high,FALSE,high,Requires Wet Soil,high_model_reliability,high,FALSE,low,Alkaline Soil,low_model_reliability,high,FALSE,high,Requires Fertile Soil,high_model_reliability,"L=high,M=med,R=med",0.027666666666666666,FALSE,joint_prob_below_threshold
Suaeda maritima,7.58889257317717,4.088059293838577,7.27475058778658,7.130010789388748,6.395491765990235,MAG,high,FALSE,medium,Full Sun,,med,FALSE,medium,Temperate,,high,FALSE,high,Requires Wet Soil,high_model_reliability,high,FALSE,low,Alkaline Soil,low_model_reliability,med,TRUE,medium,Average/Rich Soil,borderline; high_model_reliability,"L=high,M=med,R=med",0.063,FALSE,joint_prob_below_threshold
Succisa pratensis,6.099077110839799,4.027862797763991,6.715096937690791,7.449769948050744,7.698835558033738,MAG,med,TRUE,low,Partial Sun,borderline,med,FALSE,medium,Temperate,,high,TRUE,medium,Requires Wet Soil,borderline; high_model_reliability,high,FALSE,low,Alkaline Soil,low_model_reliability,high,FALSE,high,Requires Fertile Soil,high_model_reliability,"L=high,M=med,R=med",0.04833333333333333,FALSE,joint_prob_below_threshold
Symphoricarpos albus,5.158360808481821,4.856158999097075,4.929488801674619,6.75664588767097,6.85292897797654,MAG,med,FALSE,medium,Partial Sun,,med,FALSE,medium,Temperate,,med,FALSE,high,Average Moisture,high_model_reliability,high,TRUE,very_low,Alkaline Soil,borderline; low_model_reliability,high,TRUE,medium,Requires Fertile Soil,borderline; high_model_reliability,"L=high,M=med,R=med",0.05333333333333334,FALSE,joint_prob_below_threshold
Symphyotrichum laeve,6.226783265601312,4.178178584708486,8.238635982208901,7.544376987241252,9.113769351107145,MAG,med,TRUE,low,Partial Sun,borderline,med,FALSE,medium,Temperate,,high,FALSE,high,Requires Wet Soil,high_model_reliability,high,FALSE,low,Alkaline Soil,low_model_reliability,high,FALSE,high,Requires Fertile Soil,high_model_reliability,"L=high,M=med,R=med",0.007333333333333333,FALSE,joint_prob_below_threshold
Symphyotrichum lanceolatum,6.2740073339038505,4.391605620149101,8.122674103391567,7.411534816426302,8.915647658482516,MAG,med,TRUE,low,Partial Sun,borderline,med,FALSE,medium,Temperate,,high,FALSE,high,Requires Wet Soil,high_model_reliability,high,FALSE,low,Alkaline Soil,low_model_reliability,high,FALSE,high,Requires Fertile Soil,high_model_reliability,"L=high,M=med,R=med",0.010666666666666666,FALSE,joint_prob_below_threshold
Symphyotrichum novae-angliae,6.088363756748383,4.245626709732331,8.01287790236696,7.569441908223004,9.609393565799444,MAG,med,TRUE,low,Partial Sun,borderline,med,FALSE,medium,Temperate,,high,FALSE,high,Requires Wet Soil,high_model_reliability,high,FALSE,low,Alkaline Soil,low_model_reliability,high,FALSE,high,Requires Fertile Soil,high_model_reliability,"L=high,M=med,R=med",0.01,FALSE,joint_prob_below_threshold
Symphytum tuberosum,5.1939685877985236,4.269373580618363,7.212766273521201,8.272444258447944,11.181506678664553,MAG,med,FALSE,medium,Partial Sun,,med,FALSE,medium,Temperate,,high,FALSE,high,Requires Wet Soil,high_model_reliability,high,FALSE,low,Alkaline Soil,low_model_reliability,high,FALSE,high,Requires Fertile Soil,high_model_reliability,"L=high,M=med,R=med",0.007666666666666666,FALSE,joint_prob_below_threshold
Tanacetum corymbosum,6.229096107811945,4.030067072627598,7.428066524953252,7.338764043063477,8.334153480381929,MAG,med,TRUE,low,Partial Sun,borderline,med,FALSE,medium,Temperate,,high,FALSE,high,Requires Wet Soil,high_model_reliability,high,FALSE,low,Alkaline Soil,low_model_reliability,high,FALSE,high,Requires Fertile Soil,high_model_reliability,"L=high,M=med,R=med",0.030333333333333334,FALSE,joint_prob_below_threshold
Tanacetum parthenium,6.333219040115019,3.3367337799799883,8.0688368440801,7.677407175861465,9.392110074449356,MAG,med,TRUE,low,Partial Sun,borderline,low,TRUE,low,Cool Climate,borderline,high,FALSE,high,Requires Wet Soil,high_model_reliability,high,FALSE,low,Alkaline Soil,low_model_reliability,high,FALSE,high,Requires Fertile Soil,high_model_reliability,"L=high,M=med,R=med",0.009333333333333334,FALSE,joint_prob_below_threshold
Tanacetum vulgare,5.737932150748129,3.6063444007313863,7.320748482779251,7.217478193611158,8.783499838629785,MAG,med,FALSE,medium,Partial Sun,,med,TRUE,low,Temperate,borderline,high,FALSE,high,Requires Wet Soil,high_model_reliability,high,FALSE,low,Alkaline Soil,low_model_reliability,high,FALSE,high,Requires Fertile Soil,high_model_reliability,"L=high,M=med,R=med",0.028,FALSE,joint_prob_below_threshold
Taraxacum stevenii,6.2814143064993395,3.292326150755297,6.815520256929458,7.749416025192792,8.677555332413002,MAG,med,TRUE,low,Partial Sun,borderline,low,TRUE,low,Cool Climate,borderline,high,TRUE,medium,Requires Wet Soil,borderline; high_model_reliability,high,FALSE,low,Alkaline Soil,low_model_reliability,high,FALSE,high,Requires Fertile Soil,high_model_reliability,"L=high,M=med,R=med",0.03933333333333333,FALSE,joint_prob_below_threshold
Taxodium distichum,5.227215431933473,7.054834677286868,6.470762894399147,6.858273398332582,8.23899766471809,MAG,med,FALSE,medium,Partial Sun,,high,FALSE,medium,Warm Climate,,med,TRUE,medium,Average Moisture,borderline; high_model_reliability,high,TRUE,very_low,Alkaline Soil,borderline; low_model_reliability,high,FALSE,high,Requires Fertile Soil,high_model_reliability,"L=high,M=med,R=med",0.04466666666666667,FALSE,joint_prob_below_threshold
Taxus baccata,5.143898369370484,6.465192492254836,5.700830228396065,6.811450604661053,7.671001129893439,MAG,med,FALSE,medium,Partial Sun,,med,TRUE,low,Temperate,borderline,med,FALSE,high,Average Moisture,high_model_reliability,high,TRUE,very_low,Alkaline Soil,borderline; low_model_reliability,high,FALSE,high,Requires Fertile Soil,high_model_reliability,"L=high,M=med,R=med",0.050666666666666665,FALSE,joint_prob_below_threshold
Teesdalia nudicaulis,7.073520439903805,3.24491875877595,6.368127636469267,7.246317730272199,7.686606537844471,MAG,high,FALSE,medium,Full Sun,,low,TRUE,low,Cool Climate,borderline,med,TRUE,medium,Average Moisture,borderline; high_model_reliability,high,FALSE,low,Alkaline Soil,low_model_reliability,high,FALSE,high,Requires Fertile Soil,high_model_reliability,"L=high,M=med,R=med",0.11833333333333333,FALSE,joint_prob_below_threshold
Teucrium montanum,7.691911182186004,3.492851868558807,4.123071134260725,6.241351180652482,2.9450873597795244,MAG,high,FALSE,medium,Full Sun,,low,TRUE,low,Cool Climate,borderline,med,FALSE,high,Average Moisture,high_model_reliability,med,TRUE,very_low,Neutral Soil,borderline; low_model_reliability,low,FALSE,high,Poor Soil,high_model_reliability,"L=high,M=med,R=med",0.278,FALSE,joint_prob_below_threshold
Teucrium scorodonia,6.019723037076654,3.8271479424098422,6.373906994660927,7.290197901421247,7.994312981499404,MAG,med,TRUE,low,Partial Sun,borderline,med,TRUE,low,Temperate,borderline,med,TRUE,medium,Average Moisture,borderline; high_model_reliability,high,FALSE,low,Alkaline Soil,low_model_reliability,high,FALSE,high,Requires Fertile Soil,high_model_reliability,"L=high,M=med,R=med",0.06866666666666667,FALSE,joint_prob_below_threshold
Thalictrum alpinum,7.452386420911688,3.339422685347761,4.22456395728987,6.575126133295963,3.5757880345430886,MAG,high,FALSE,medium,Full Sun,,low,TRUE,low,Cool Climate,borderline,med,FALSE,high,Average Moisture,high_model_reliability,high,TRUE,very_low,Alkaline Soil,borderline; low_model_reliability,med,TRUE,medium,Average/Rich Soil,borderline; high_model_reliability,"L=high,M=med,R=med",0.23533333333333334,FALSE,joint_prob_below_threshold
Thalictrum minus,5.2420081598446195,4.076685057112374,6.833065932993023,7.61330362541527,9.139347167356975,MAG,med,FALSE,medium,Partial Sun,,med,FALSE,medium,Temperate,,high,TRUE,medium,Requires Wet Soil,borderline; high_model_reliability,high,FALSE,low,Alkaline Soil,low_model_reliability,high,FALSE,high,Requires Fertile Soil,high_model_reliability,"L=high,M=med,R=med",0.019,FALSE,joint_prob_below_threshold
Thlaspi arvense,6.0292545805006394,3.925659545155321,7.090966219427134,7.68449156928736,9.531499942277351,MAG,med,TRUE,low,Partial Sun,borderline,med,TRUE,low,Temperate,borderline,high,FALSE,high,Requires Wet Soil,high_model_reliability,high,FALSE,low,Alkaline Soil,low_model_reliability,high,FALSE,high,Requires Fertile Soil,high_model_reliability,"L=high,M=med,R=med",0.029333333333333333,FALSE,joint_prob_below_threshold
Thuja occidentalis,6.848660794514473,5.895120897712439,7.860470373675349,6.5557032867581455,7.017535138263542,MAG,high,TRUE,low,Full Sun,borderline,med,FALSE,medium,Temperate,,high,FALSE,high,Requires Wet Soil,high_model_reliability,high,TRUE,very_low,Alkaline Soil,borderline; low_model_reliability,high,FALSE,high,Requires Fertile Soil,high_model_reliability,"L=high,M=med,R=med",0.03933333333333333,FALSE,joint_prob_below_threshold
Thymus dolomiticus,8.038197554728207,4.018875247885942,5.753231734720887,6.165676773887358,4.03138913949942,MAG,high,FALSE,medium,Full Sun,,med,FALSE,medium,Temperate,,med,FALSE,high,Average Moisture,high_model_reliability,med,TRUE,very_low,Neutral Soil,borderline; low_model_reliability,med,FALSE,high,Average/Rich Soil,high_model_reliability,"L=high,M=med,R=med",0.332,FALSE,joint_prob_below_threshold
Thymus nummularius,7.219970005744729,3.605440507386255,6.7207596367500635,6.877524149829235,6.803086131989097,MAG,high,FALSE,medium,Full Sun,,med,TRUE,low,Temperate,borderline,high,TRUE,medium,Requires Wet Soil,borderline; high_model_reliability,high,TRUE,very_low,Alkaline Soil,borderline; low_model_reliability,high,TRUE,medium,Requires Fertile Soil,borderline; high_model_reliability,"L=high,M=med,R=med",0.12366666666666666,FALSE,joint_prob_below_threshold
Thymus praecox,8.11093399994932,3.1507645978988745,5.239402657291786,6.409114234465053,4.1541102585093395,MAG,high,FALSE,medium,Full Sun,,low,TRUE,low,Cool Climate,borderline,med,FALSE,high,Average Moisture,high_model_reliability,med,TRUE,very_low,Neutral Soil,borderline; low_model_reliability,med,FALSE,high,Average/Rich Soil,high_model_reliability,"L=high,M=med,R=med",0.326,FALSE,joint_prob_below_threshold
Thymus praecox subsp. polytrichus,8.46363035587104,2.8982386291305176,4.423566719766205,6.148807535543764,2.577182774303843,MAG,high,FALSE,medium,Full Sun,,low,FALSE,medium,Cool Climate,,med,FALSE,high,Average Moisture,high_model_reliability,med,TRUE,very_low,Neutral Soil,borderline; low_model_reliability,low,FALSE,high,Poor Soil,high_model_reliability,"L=high,M=med,R=med",0.3443333333333333,FALSE,joint_prob_below_threshold
Thymus serpyllum,8.551593634960529,3.180694277399477,4.439774018042622,6.105424654351967,2.2035885352665554,MAG,high,FALSE,medium,Full Sun,,low,TRUE,low,Cool Climate,borderline,med,FALSE,high,Average Moisture,high_model_reliability,med,TRUE,very_low,Neutral Soil,borderline; low_model_reliability,low,FALSE,high,Poor Soil,high_model_reliability,"L=high,M=med,R=med",0.353,FALSE,joint_prob_below_threshold
Tilia cordata,3.757340976301066,6.252883190038107,7.892696666140406,7.873110374094961,11.932261877310056,MAG,med,TRUE,low,Partial Sun,borderline,med,TRUE,low,Temperate,borderline,high,FALSE,high,Requires Wet Soil,high_model_reliability,high,FALSE,low,Alkaline Soil,low_model_reliability,high,FALSE,high,Requires Fertile Soil,high_model_reliability,"L=high,M=med,R=med",6.666666666666666e-4,FALSE,joint_prob_below_threshold
Tilia platyphyllos,3.0927857892362645,6.618978165146664,8.183340277737845,8.182834927648596,13.161906854643227,MAG,low,TRUE,low,Deep/Partial Shade,borderline,high,TRUE,low,Warm Climate,borderline,high,FALSE,high,Requires Wet Soil,high_model_reliability,high,FALSE,low,Alkaline Soil,low_model_reliability,high,FALSE,high,Requires Fertile Soil,high_model_reliability,"L=high,M=med,R=med",0,FALSE,joint_prob_below_threshold
Tofieldia pusilla,8.27630518843149,2.666368951084773,5.503699228232916,6.317928829934146,3.7901488598711706,MAG,high,FALSE,medium,Full Sun,,low,FALSE,medium,Cool Climate,,med,FALSE,high,Average Moisture,high_model_reliability,med,TRUE,very_low,Neutral Soil,borderline; low_model_reliability,med,TRUE,medium,Average/Rich Soil,borderline; high_model_reliability,"L=high,M=med,R=med",0.32866666666666666,FALSE,joint_prob_below_threshold
Tolpis staticifolia,7.190275609101086,3.407556503320723,7.494376227576782,7.254266620005334,7.256653651129106,MAG,high,FALSE,medium,Full Sun,,low,TRUE,low,Cool Climate,borderline,high,FALSE,high,Requires Wet Soil,high_model_reliability,high,FALSE,low,Alkaline Soil,low_model_reliability,high,FALSE,high,Requires Fertile Soil,high_model_reliability,"L=high,M=med,R=med",0.045,FALSE,joint_prob_below_threshold
Tordylium maximum,5.120605701515416,4.602396782789857,8.232855071110937,8.297517443243192,10.9676263606932,MAG,med,FALSE,medium,Partial Sun,,med,FALSE,medium,Temperate,,high,FALSE,high,Requires Wet Soil,high_model_reliability,high,FALSE,low,Alkaline Soil,low_model_reliability,high,FALSE,high,Requires Fertile Soil,high_model_reliability,"L=high,M=med,R=med",0.0016666666666666668,FALSE,joint_prob_below_threshold
Torilis arvensis,5.87521209838584,4.400431960441476,7.510627965704885,7.727851004531749,9.280939872119376,MAG,med,FALSE,medium,Partial Sun,,med,FALSE,medium,Temperate,,high,FALSE,high,Requires Wet Soil,high_model_reliability,high,FALSE,low,Alkaline Soil,low_model_reliability,high,FALSE,high,Requires Fertile Soil,high_model_reliability,"L=high,M=med,R=med",0.01633333333333333,FALSE,joint_prob_below_threshold
Torilis japonica,5.57096640172151,4.373856124940023,8.288152532811079,8.118778824454026,10.67888896109087,MAG,med,FALSE,medium,Partial Sun,,med,FALSE,medium,Temperate,,high,FALSE,high,Requires Wet Soil,high_model_reliability,high,FALSE,low,Alkaline Soil,low_model_reliability,high,FALSE,high,Requires Fertile Soil,high_model_reliability,"L=high,M=med,R=med",0.003,FALSE,joint_prob_below_threshold
Tragopogon dubius,5.560045296484358,4.599739651740356,5.367470541576754,7.22869540426723,7.297968235816592,MAG,med,FALSE,medium,Partial Sun,,med,FALSE,medium,Temperate,,med,FALSE,high,Average Moisture,high_model_reliability,high,FALSE,low,Alkaline Soil,low_model_reliability,high,FALSE,high,Requires Fertile Soil,high_model_reliability,"L=high,M=med,R=med",0.060333333333333336,FALSE,joint_prob_below_threshold
Tragopogon porrifolius,5.283141582680316,5.032783289142876,7.624113152882336,8.095607675495293,10.240891919045012,MAG,med,FALSE,medium,Partial Sun,,med,FALSE,medium,Temperate,,high,FALSE,high,Requires Wet Soil,high_model_reliability,high,FALSE,low,Alkaline Soil,low_model_reliability,high,FALSE,high,Requires Fertile Soil,high_model_reliability,"L=high,M=med,R=med",0.006,FALSE,joint_prob_below_threshold
Tragopogon pratensis,5.782124635757557,4.714764849300808,7.184494195450442,7.916227710696374,9.20387330787013,MAG,med,FALSE,medium,Partial Sun,,med,FALSE,medium,Temperate,,high,FALSE,high,Requires Wet Soil,high_model_reliability,high,FALSE,low,Alkaline Soil,low_model_reliability,high,FALSE,high,Requires Fertile Soil,high_model_reliability,"L=high,M=med,R=med",0.017333333333333333,FALSE,joint_prob_below_threshold
Tragus racemosus,6.56677079617465,3.417919439871373,5.655873106891079,6.831303969588152,6.1974686213128765,MAG,high,TRUE,low,Full Sun,borderline,low,TRUE,low,Cool Climate,borderline,med,FALSE,high,Average Moisture,high_model_reliability,high,TRUE,very_low,Alkaline Soil,borderline; low_model_reliability,med,TRUE,medium,Average/Rich Soil,borderline; high_model_reliability,"L=high,M=med,R=med",0.16266666666666665,FALSE,joint_prob_below_threshold
Trapa natans,4.599022202517574,5.660422919297432,4.993471876733597,8.234355523907704,8.332584578748055,MAG,med,FALSE,medium,Partial Sun,,med,FALSE,medium,Temperate,,med,FALSE,high,Average Moisture,high_model_reliability,high,FALSE,low,Alkaline Soil,low_model_reliability,high,FALSE,high,Requires Fertile Soil,high_model_reliability,"L=high,M=med,R=med",0.006666666666666667,FALSE,joint_prob_below_threshold
Tribulus terrestris,6.664215008589742,3.890004183540535,3.319990595260506,6.948497150841188,4.437506168340823,MAG,high,TRUE,low,Full Sun,borderline,med,TRUE,low,Temperate,borderline,low,TRUE,medium,Drought-Tolerant,borderline; high_model_reliability,high,TRUE,very_low,Alkaline Soil,borderline; low_model_reliability,med,FALSE,high,Average/Rich Soil,high_model_reliability,"L=high,M=med,R=med",0.07733333333333334,FALSE,joint_prob_below_threshold
Trifolium alpestre,6.625228791377348,3.9184959511153776,5.36899173236915,6.901012704388313,5.84474512436611,MAG,high,TRUE,low,Full Sun,borderline,med,TRUE,low,Temperate,borderline,med,FALSE,high,Average Moisture,high_model_reliability,high,TRUE,very_low,Alkaline Soil,borderline; low_model_reliability,med,FALSE,high,Average/Rich Soil,high_model_reliability,"L=high,M=med,R=med",0.168,FALSE,joint_prob_below_threshold
Trifolium arvense,7.179191354760711,3.4544585882129266,4.431308901193839,6.29705219933565,4.224537819667493,MAG,high,FALSE,medium,Full Sun,,low,TRUE,low,Cool Climate,borderline,med,FALSE,high,Average Moisture,high_model_reliability,med,TRUE,very_low,Neutral Soil,borderline; low_model_reliability,med,FALSE,high,Average/Rich Soil,high_model_reliability,"L=high,M=med,R=med",0.263,FALSE,joint_prob_below_threshold
Trifolium badium,6.510849659883295,3.704396646419548,6.424340818133981,7.440469369229458,8.785072583025546,MAG,high,TRUE,low,Full Sun,borderline,med,TRUE,low,Temperate,borderline,med,TRUE,medium,Average Moisture,borderline; high_model_reliability,high,FALSE,low,Alkaline Soil,low_model_reliability,high,FALSE,high,Requires Fertile Soil,high_model_reliability,"L=high,M=med,R=med",0.07333333333333333,FALSE,joint_prob_below_threshold
Trifolium dubium,7.032379001460719,3.577410214460531,5.19213028262932,6.532224565805095,5.5605464482946,MAG,high,FALSE,medium,Full Sun,,med,TRUE,low,Temperate,borderline,med,FALSE,high,Average Moisture,high_model_reliability,high,TRUE,very_low,Alkaline Soil,borderline; low_model_reliability,med,FALSE,high,Average/Rich Soil,high_model_reliability,"L=high,M=med,R=med",0.25366666666666665,FALSE,joint_prob_below_threshold
Trifolium hybridum,5.643966720367704,3.92903360081265,7.5732953152101246,7.759143517786907,10.430529284351184,MAG,med,FALSE,medium,Partial Sun,,med,TRUE,low,Temperate,borderline,high,FALSE,high,Requires Wet Soil,high_model_reliability,high,FALSE,low,Alkaline Soil,low_model_reliability,high,FALSE,high,Requires Fertile Soil,high_model_reliability,"L=high,M=med,R=med",0.013333333333333334,FALSE,joint_prob_below_threshold
Trifolium medium,6.00297500336058,4.083963614238943,5.919742420595801,7.28421951477077,7.651643455060372,MAG,med,TRUE,low,Partial Sun,borderline,med,FALSE,medium,Temperate,,med,FALSE,high,Average Moisture,high_model_reliability,high,FALSE,low,Alkaline Soil,low_model_reliability,high,FALSE,high,Requires Fertile Soil,high_model_reliability,"L=high,M=med,R=med",0.081,FALSE,joint_prob_below_threshold
Trifolium montanum,6.101723573959081,3.812378725221108,6.8331278102976025,7.475765890441535,8.715891070883261,MAG,med,TRUE,low,Partial Sun,borderline,med,TRUE,low,Temperate,borderline,high,TRUE,medium,Requires Wet Soil,borderline; high_model_reliability,high,FALSE,low,Alkaline Soil,low_model_reliability,high,FALSE,high,Requires Fertile Soil,high_model_reliability,"L=high,M=med,R=med",0.04466666666666667,FALSE,joint_prob_below_threshold
Trifolium pratense,5.941001642324338,4.065321342762555,6.759309449218503,7.580723854114467,9.124313221947324,MAG,med,FALSE,medium,Partial Sun,,med,FALSE,medium,Temperate,,high,TRUE,medium,Requires Wet Soil,borderline; high_model_reliability,high,FALSE,low,Alkaline Soil,low_model_reliability,high,FALSE,high,Requires Fertile Soil,high_model_reliability,"L=high,M=med,R=med",0.041,FALSE,joint_prob_below_threshold
Trifolium repens,6.548295872809903,3.61826097119483,7.0104979987085265,7.559771935492553,9.163398796613649,MAG,high,TRUE,low,Full Sun,borderline,med,TRUE,low,Temperate,borderline,high,FALSE,high,Requires Wet Soil,high_model_reliability,high,FALSE,low,Alkaline Soil,low_model_reliability,high,FALSE,high,Requires Fertile Soil,high_model_reliability,"L=high,M=med,R=med",0.04666666666666667,FALSE,joint_prob_below_threshold
Trigonella foenum-graecum,5.798302618880019,4.808253808131194,6.578938780426391,7.792449909688604,9.0788041816969,MAG,med,FALSE,medium,Partial Sun,,med,FALSE,medium,Temperate,,high,TRUE,medium,Requires Wet Soil,borderline; high_model_reliability,high,FALSE,low,Alkaline Soil,low_model_reliability,high,FALSE,high,Requires Fertile Soil,high_model_reliability,"L=high,M=med,R=med",0.03,FALSE,joint_prob_below_threshold
Trinia glauca,6.34278578269758,4.004012451789155,6.388025904412223,7.43850169120286,7.533095490432522,MAG,med,TRUE,low,Partial Sun,borderline,med,FALSE,medium,Temperate,,med,TRUE,medium,Average Moisture,borderline; high_model_reliability,high,FALSE,low,Alkaline Soil,low_model_reliability,high,FALSE,high,Requires Fertile Soil,high_model_reliability,"L=high,M=med,R=med",0.06933333333333333,FALSE,joint_prob_below_threshold
Tripleurospermum maritimum,7.1140417931698385,3.583722079319223,6.937162003682678,7.107350262777422,7.095654844211932,MAG,high,FALSE,medium,Full Sun,,med,TRUE,low,Temperate,borderline,high,TRUE,medium,Requires Wet Soil,borderline; high_model_reliability,high,FALSE,low,Alkaline Soil,low_model_reliability,high,FALSE,high,Requires Fertile Soil,high_model_reliability,"L=high,M=med,R=med",0.091,FALSE,joint_prob_below_threshold
Tripolium pannonicum subsp. tripolium,6.254048079365713,4.0367380289745345,7.681587272937451,7.796054837393354,8.651447116067775,MAG,med,TRUE,low,Partial Sun,borderline,med,FALSE,medium,Temperate,,high,FALSE,high,Requires Wet Soil,high_model_reliability,high,FALSE,low,Alkaline Soil,low_model_reliability,high,FALSE,high,Requires Fertile Soil,high_model_reliability,"L=high,M=med,R=med",0.015666666666666666,FALSE,joint_prob_below_threshold
Trisetum flavescens,6.578365338075903,3.6522328442168934,6.242566391415584,6.862459951546193,6.892157150143847,MAG,high,TRUE,low,Full Sun,borderline,med,TRUE,low,Temperate,borderline,med,TRUE,medium,Average Moisture,borderline; high_model_reliability,high,TRUE,very_low,Alkaline Soil,borderline; low_model_reliability,high,TRUE,medium,Requires Fertile Soil,borderline; high_model_reliability,"L=high,M=med,R=med",0.134,FALSE,joint_prob_below_threshold
Triticum aestivum,4.436626231851333,5.221462900446076,7.152276758552238,8.308057150725238,11.498261419879467,MAG,med,FALSE,medium,Partial Sun,,med,FALSE,medium,Temperate,,high,FALSE,high,Requires Wet Soil,high_model_reliability,high,FALSE,low,Alkaline Soil,low_model_reliability,high,FALSE,high,Requires Fertile Soil,high_model_reliability,"L=high,M=med,R=med",0.0033333333333333335,FALSE,joint_prob_below_threshold
Trollius europaeus,5.698623078202655,3.9264714854363487,7.799081826226411,7.931368730342967,9.851408095954746,MAG,med,FALSE,medium,Partial Sun,,med,TRUE,low,Temperate,borderline,high,FALSE,high,Requires Wet Soil,high_model_reliability,high,FALSE,low,Alkaline Soil,low_model_reliability,high,FALSE,high,Requires Fertile Soil,high_model_reliability,"L=high,M=med,R=med",0.007,FALSE,joint_prob_below_threshold
Tsuga canadensis,6.120343196097005,6.075773939431487,7.537551661680603,6.614756292200248,8.14605976256874,MAG,med,TRUE,low,Partial Sun,borderline,med,TRUE,low,Temperate,borderline,high,FALSE,high,Requires Wet Soil,high_model_reliability,high,TRUE,very_low,Alkaline Soil,borderline; low_model_reliability,high,FALSE,high,Requires Fertile Soil,high_model_reliability,"L=high,M=med,R=med",0.04533333333333334,FALSE,joint_prob_below_threshold
Tsuga heterophylla,5.432577493956886,6.055393729623073,8.53500831593108,6.972363805428336,10.153962918498744,MAG,med,FALSE,medium,Partial Sun,,med,TRUE,low,Temperate,borderline,high,FALSE,high,Requires Wet Soil,high_model_reliability,high,TRUE,very_low,Alkaline Soil,borderline; low_model_reliability,high,FALSE,high,Requires Fertile Soil,high_model_reliability,"L=high,M=med,R=med",0.004666666666666667,FALSE,joint_prob_below_threshold
Turritis glabra,6.216793547746326,3.518036061975332,9.026593232779303,7.685898614376532,10.780787215832587,MAG,med,TRUE,low,Partial Sun,borderline,med,TRUE,low,Temperate,borderline,high,FALSE,high,Requires Wet Soil,high_model_reliability,high,FALSE,low,Alkaline Soil,low_model_reliability,high,FALSE,high,Requires Fertile Soil,high_model_reliability,"L=high,M=med,R=med",0.002,FALSE,joint_prob_below_threshold
Tussilago farfara,5.3865181431426254,3.4562184068347652,8.78537469540642,8.291101898883495,11.202183075336324,MAG,med,FALSE,medium,Partial Sun,,low,TRUE,low,Cool Climate,borderline,high,FALSE,high,Requires Wet Soil,high_model_reliability,high,FALSE,low,Alkaline Soil,low_model_reliability,high,FALSE,high,Requires Fertile Soil,high_model_reliability,"L=high,M=med,R=med",0.001,FALSE,joint_prob_below_threshold
Typha angustifolia,6.055537772974769,3.962919903877192,9.381520263091126,7.661689243293115,9.907231173709574,MAG,med,TRUE,low,Partial Sun,borderline,med,TRUE,low,Temperate,borderline,high,FALSE,high,Requires Wet Soil,high_model_reliability,high,FALSE,low,Alkaline Soil,low_model_reliability,high,FALSE,high,Requires Fertile Soil,high_model_reliability,"L=high,M=med,R=med",0.0013333333333333333,FALSE,joint_prob_below_threshold
Typha latifolia,5.894763086925879,3.8232018952119606,10.399479437771822,8.058226585434793,11.447668805057209,MAG,med,FALSE,medium,Partial Sun,,med,TRUE,low,Temperate,borderline,high,FALSE,high,Requires Wet Soil,high_model_reliability,high,FALSE,low,Alkaline Soil,low_model_reliability,high,FALSE,high,Requires Fertile Soil,high_model_reliability,"L=high,M=med,R=med",0,FALSE,joint_prob_below_threshold
Ulex europaeus,6.446126266686597,4.964353906044861,3.731353516033339,6.03647204112609,4.12841109990517,MAG,med,TRUE,low,Partial Sun,borderline,med,FALSE,medium,Temperate,,med,TRUE,medium,Average Moisture,borderline; high_model_reliability,med,TRUE,very_low,Neutral Soil,borderline; low_model_reliability,med,FALSE,high,Average/Rich Soil,high_model_reliability,"L=high,M=med,R=med",0.137,FALSE,joint_prob_below_threshold
Ulmus glabra,3.799491875007643,6.152472781643045,8.275210743482624,7.690645186798347,12.074963211891813,MAG,med,TRUE,low,Partial Sun,borderline,med,TRUE,low,Temperate,borderline,high,FALSE,high,Requires Wet Soil,high_model_reliability,high,FALSE,low,Alkaline Soil,low_model_reliability,high,FALSE,high,Requires Fertile Soil,high_model_reliability,"L=high,M=med,R=med",3.333333333333333e-4,FALSE,joint_prob_below_threshold
Ulmus laevis,4.028104833047999,5.9654273948652206,8.154086669229327,7.529165696331754,11.611710374182538,MAG,med,FALSE,medium,Partial Sun,,med,FALSE,medium,Temperate,,high,FALSE,high,Requires Wet Soil,high_model_reliability,high,FALSE,low,Alkaline Soil,low_model_reliability,high,FALSE,high,Requires Fertile Soil,high_model_reliability,"L=high,M=med,R=med",6.666666666666666e-4,FALSE,joint_prob_below_threshold
Ulmus minor,4.190379943208869,5.825056591405791,8.329755729796775,7.555456383868935,11.680339631113725,MAG,med,FALSE,medium,Partial Sun,,med,FALSE,medium,Temperate,,high,FALSE,high,Requires Wet Soil,high_model_reliability,high,FALSE,low,Alkaline Soil,low_model_reliability,high,FALSE,high,Requires Fertile Soil,high_model_reliability,"L=high,M=med,R=med",6.666666666666666e-4,FALSE,joint_prob_below_threshold
Ulmus pumila,4.583841590815915,5.69166166552796,7.404780717410394,7.301898691286797,10.233924743803533,MAG,med,FALSE,medium,Partial Sun,,med,FALSE,medium,Temperate,,high,FALSE,high,Requires Wet Soil,high_model_reliability,high,FALSE,low,Alkaline Soil,low_model_reliability,high,FALSE,high,Requires Fertile Soil,high_model_reliability,"L=high,M=med,R=med",0.005,FALSE,joint_prob_below_threshold
Umbilicus rupestris,7.35856649788148,2.609848296721679,9.309200616637373,7.622293574969616,9.280290941565609,MAG,high,FALSE,medium,Full Sun,,low,FALSE,medium,Cool Climate,,high,FALSE,high,Requires Wet Soil,high_model_reliability,high,FALSE,low,Alkaline Soil,low_model_reliability,high,FALSE,high,Requires Fertile Soil,high_model_reliability,"L=high,M=med,R=med",0.0023333333333333335,FALSE,joint_prob_below_threshold
Urtica dioica,5.796419696472423,3.874273441896891,9.964474607319122,8.235440726070077,13.407164730965942,MAG,med,FALSE,medium,Partial Sun,,med,TRUE,low,Temperate,borderline,high,FALSE,high,Requires Wet Soil,high_model_reliability,high,FALSE,low,Alkaline Soil,low_model_reliability,high,FALSE,high,Requires Fertile Soil,high_model_reliability,"L=high,M=med,R=med",0,FALSE,joint_prob_below_threshold
Utricularia vulgaris,7.248022360494616,3.403885786024374,10.579988525608153,8.138276430100053,12.274462304151946,MAG,high,FALSE,medium,Full Sun,,low,TRUE,low,Cool Climate,borderline,high,FALSE,high,Requires Wet Soil,high_model_reliability,high,FALSE,low,Alkaline Soil,low_model_reliability,high,FALSE,high,Requires Fertile Soil,high_model_reliability,"L=high,M=med,R=med",0,FALSE,joint_prob_below_threshold
Vaccinium myrtillus,7.03642329986619,3.5080165794950746,4.884582620795673,6.336555577172458,4.625546006173714,MAG,high,FALSE,medium,Full Sun,,med,TRUE,low,Temperate,borderline,med,FALSE,high,Average Moisture,high_model_reliability,med,TRUE,very_low,Neutral Soil,borderline; low_model_reliability,med,FALSE,high,Average/Rich Soil,high_model_reliability,"L=high,M=med,R=med",0.2806666666666667,FALSE,joint_prob_below_threshold
Vaccinium vitis-idaea,7.762709511373682,3.4875161533660544,4.61983521227349,6.192053388223387,3.069448319167398,MAG,high,FALSE,medium,Full Sun,,low,TRUE,low,Cool Climate,borderline,med,FALSE,high,Average Moisture,high_model_reliability,med,TRUE,very_low,Neutral Soil,borderline; low_model_reliability,low,TRUE,medium,Poor Soil,borderline; high_model_reliability,"L=high,M=med,R=med",0.3393333333333333,FALSE,joint_prob_below_threshold
Valeriana dioica,6.410799722162041,3.735812638639534,7.1107204706177685,7.576011251869273,8.406466698027906,MAG,med,TRUE,low,Partial Sun,borderline,med,TRUE,low,Temperate,borderline,high,FALSE,high,Requires Wet Soil,high_model_reliability,high,FALSE,low,Alkaline Soil,low_model_reliability,high,FALSE,high,Requires Fertile Soil,high_model_reliability,"L=high,M=med,R=med",0.03933333333333333,FALSE,joint_prob_below_threshold
Valeriana officinalis,5.4881275040428505,4.342564475717013,8.827929449625005,8.180018702247795,10.944707742729616,MAG,med,FALSE,medium,Partial Sun,,med,FALSE,medium,Temperate,,high,FALSE,high,Requires Wet Soil,high_model_reliability,high,FALSE,low,Alkaline Soil,low_model_reliability,high,FALSE,high,Requires Fertile Soil,high_model_reliability,"L=high,M=med,R=med",0.0013333333333333333,FALSE,joint_prob_below_threshold
Veratrum album,4.676382301882757,4.605767652801693,9.301253711603197,8.776874791341978,13.78049677978117,MAG,med,FALSE,medium,Partial Sun,,med,FALSE,medium,Temperate,,high,FALSE,high,Requires Wet Soil,high_model_reliability,high,FALSE,low,Alkaline Soil,low_model_reliability,high,FALSE,high,Requires Fertile Soil,high_model_reliability,"L=high,M=med,R=med",0,FALSE,joint_prob_below_threshold
Verbascum lychnitis,5.812756477657643,3.758358259718188,9.45681413237534,7.953430439674247,10.725182221360845,MAG,med,FALSE,medium,Partial Sun,,med,TRUE,low,Temperate,borderline,high,FALSE,high,Requires Wet Soil,high_model_reliability,high,FALSE,low,Alkaline Soil,low_model_reliability,high,FALSE,high,Requires Fertile Soil,high_model_reliability,"L=high,M=med,R=med",0.001,FALSE,joint_prob_below_threshold
Verbascum thapsus,5.920295692970242,3.662120984923966,8.970335891035205,7.698508500216762,10.42624429595306,MAG,med,FALSE,medium,Partial Sun,,med,TRUE,low,Temperate,borderline,high,FALSE,high,Requires Wet Soil,high_model_reliability,high,FALSE,low,Alkaline Soil,low_model_reliability,high,FALSE,high,Requires Fertile Soil,high_model_reliability,"L=high,M=med,R=med",0.0016666666666666668,FALSE,joint_prob_below_threshold
Veronica alpina,7.741531631125083,2.811335760563433,5.8696022275117175,6.71271462208775,5.682926203760081,MAG,high,FALSE,medium,Full Sun,,low,FALSE,medium,Cool Climate,,med,FALSE,high,Average Moisture,high_model_reliability,high,TRUE,very_low,Alkaline Soil,borderline; low_model_reliability,med,FALSE,high,Average/Rich Soil,high_model_reliability,"L=high,M=med,R=med",0.23133333333333334,FALSE,joint_prob_below_threshold
Veronica anagallis-aquatica,6.584721444629889,3.2580413238632913,9.034338990904011,7.713986356266085,10.52113014243941,MAG,high,TRUE,low,Full Sun,borderline,low,TRUE,low,Cool Climate,borderline,high,FALSE,high,Requires Wet Soil,high_model_reliability,high,FALSE,low,Alkaline Soil,low_model_reliability,high,FALSE,high,Requires Fertile Soil,high_model_reliability,"L=high,M=med,R=med",0.0026666666666666666,FALSE,joint_prob_below_threshold
Veronica arvensis,7.914808591917348,3.078214220936742,6.095325855314017,6.7921886774043685,5.3059001164381385,MAG,high,FALSE,medium,Full Sun,,low,TRUE,low,Cool Climate,borderline,med,TRUE,medium,Average Moisture,borderline; high_model_reliability,high,TRUE,very_low,Alkaline Soil,borderline; low_model_reliability,med,FALSE,high,Average/Rich Soil,high_model_reliability,"L=high,M=med,R=med",0.20466666666666666,FALSE,joint_prob_below_threshold
Veronica austriaca,6.909973281946176,3.861810096347442,6.926093677809188,7.194637923395804,7.198399754742515,MAG,high,TRUE,low,Full Sun,borderline,med,TRUE,low,Temperate,borderline,high,TRUE,medium,Requires Wet Soil,borderline; high_model_reliability,high,FALSE,low,Alkaline Soil,low_model_reliability,high,FALSE,high,Requires Fertile Soil,high_model_reliability,"L=high,M=med,R=med",0.08266666666666667,FALSE,joint_prob_below_threshold
Veronica beccabunga,6.425726412264062,3.203952189397522,8.687687391567316,7.701585305110525,11.532076335538498,MAG,med,TRUE,low,Partial Sun,borderline,low,TRUE,low,Cool Climate,borderline,high,FALSE,high,Requires Wet Soil,high_model_reliability,high,FALSE,low,Alkaline Soil,low_model_reliability,high,FALSE,high,Requires Fertile Soil,high_model_reliability,"L=high,M=med,R=med",0.004333333333333333,FALSE,joint_prob_below_threshold
Veronica chamaedrys,6.9332578240133795,3.4354019665635644,6.830511730779044,7.138039287017326,7.290324718359702,MAG,high,TRUE,low,Full Sun,borderline,low,TRUE,low,Cool Climate,borderline,high,TRUE,medium,Requires Wet Soil,borderline; high_model_reliability,high,FALSE,low,Alkaline Soil,low_model_reliability,high,FALSE,high,Requires Fertile Soil,high_model_reliability,"L=high,M=med,R=med",0.08933333333333333,FALSE,joint_prob_below_threshold
Veronica filiformis,7.65161636365453,3.5823767423067427,6.310619219452585,6.884742020801908,5.4784502122928425,MAG,high,FALSE,medium,Full Sun,,med,TRUE,low,Temperate,borderline,med,TRUE,medium,Average Moisture,borderline; high_model_reliability,high,TRUE,very_low,Alkaline Soil,borderline; low_model_reliability,med,FALSE,high,Average/Rich Soil,high_model_reliability,"L=high,M=med,R=med",0.17033333333333334,FALSE,joint_prob_below_threshold
Veronica gentianoides,7.424077684203936,3.4613758968423025,6.355537665923347,6.940561020475189,6.188811849163859,MAG,high,FALSE,medium,Full Sun,,low,TRUE,low,Cool Climate,borderline,med,TRUE,medium,Average Moisture,borderline; high_model_reliability,high,TRUE,very_low,Alkaline Soil,borderline; low_model_reliability,med,TRUE,medium,Average/Rich Soil,borderline; high_model_reliability,"L=high,M=med,R=med",0.15433333333333332,FALSE,joint_prob_below_threshold
Veronica hederifolia,6.6420917226482805,4.243393334183776,6.53209811345943,7.64507188480288,7.204690826871856,MAG,high,TRUE,low,Full Sun,borderline,med,FALSE,medium,Temperate,,high,TRUE,medium,Requires Wet Soil,borderline; high_model_reliability,high,FALSE,low,Alkaline Soil,low_model_reliability,high,FALSE,high,Requires Fertile Soil,high_model_reliability,"L=high,M=med,R=med",0.06,FALSE,joint_prob_below_threshold
Veronica longifolia,6.620145734336824,3.7404732362503457,8.6076500442113,7.3602632422513246,9.253736871254004,MAG,high,TRUE,low,Full Sun,borderline,med,TRUE,low,Temperate,borderline,high,FALSE,high,Requires Wet Soil,high_model_reliability,high,FALSE,low,Alkaline Soil,low_model_reliability,high,FALSE,high,Requires Fertile Soil,high_model_reliability,"L=high,M=med,R=med",0.005333333333333333,FALSE,joint_prob_below_threshold
Veronica montana,6.583168234086441,3.696392785866583,6.7123769220337755,7.20666509830155,7.517052123846546,MAG,high,TRUE,low,Full Sun,borderline,med,TRUE,low,Temperate,borderline,high,TRUE,medium,Requires Wet Soil,borderline; high_model_reliability,high,FALSE,low,Alkaline Soil,low_model_reliability,high,FALSE,high,Requires Fertile Soil,high_model_reliability,"L=high,M=med,R=med",0.079,FALSE,joint_prob_below_threshold
Veronica officinalis,7.5600620599064765,3.220317393383149,6.186521946725562,6.782668162511577,5.685107027701581,MAG,high,FALSE,medium,Full Sun,,low,TRUE,low,Cool Climate,borderline,med,TRUE,medium,Average Moisture,borderline; high_model_reliability,high,TRUE,very_low,Alkaline Soil,borderline; low_model_reliability,med,FALSE,high,Average/Rich Soil,high_model_reliability,"L=high,M=med,R=med",0.18866666666666668,FALSE,joint_prob_below_threshold
Veronica persica,6.513809777729956,3.549812597153937,5.771491904251933,7.042245562160258,6.676000346218277,MAG,high,TRUE,low,Full Sun,borderline,med,TRUE,low,Temperate,borderline,med,FALSE,high,Average Moisture,high_model_reliability,high,FALSE,low,Alkaline Soil,low_model_reliability,high,TRUE,medium,Requires Fertile Soil,borderline; high_model_reliability,"L=high,M=med,R=med",0.13133333333333333,FALSE,joint_prob_below_threshold
Veronica spicata,7.186132200057912,3.503189654954967,6.694262357045238,6.885544189231153,6.531549019297568,MAG,high,FALSE,medium,Full Sun,,med,TRUE,low,Temperate,borderline,high,TRUE,medium,Requires Wet Soil,borderline; high_model_reliability,high,TRUE,very_low,Alkaline Soil,borderline; low_model_reliability,high,TRUE,medium,Requires Fertile Soil,borderline; high_model_reliability,"L=high,M=med,R=med",0.125,FALSE,joint_prob_below_threshold
Veronica urticifolia,6.3678265322929315,3.470967653109944,8.703395067138215,7.779199952929179,10.41735681679928,MAG,med,TRUE,low,Partial Sun,borderline,low,TRUE,low,Cool Climate,borderline,high,FALSE,high,Requires Wet Soil,high_model_reliability,high,FALSE,low,Alkaline Soil,low_model_reliability,high,FALSE,high,Requires Fertile Soil,high_model_reliability,"L=high,M=med,R=med",0.0033333333333333335,FALSE,joint_prob_below_threshold
Viburnum lantana,4.455016063452307,5.441517651158131,5.197427439593703,7.127952659606423,8.002445089500565,MAG,med,FALSE,medium,Partial Sun,,med,FALSE,medium,Temperate,,med,FALSE,high,Average Moisture,high_model_reliability,high,FALSE,low,Alkaline Soil,low_model_reliability,high,FALSE,high,Requires Fertile Soil,high_model_reliability,"L=high,M=med,R=med",0.015666666666666666,FALSE,joint_prob_below_threshold
Viburnum opulus,4.4496704310185216,5.470010941504052,6.172584057385938,7.509589084456659,9.197197785205464,MAG,med,FALSE,medium,Partial Sun,,med,FALSE,medium,Temperate,,med,TRUE,medium,Average Moisture,borderline; high_model_reliability,high,FALSE,low,Alkaline Soil,low_model_reliability,high,FALSE,high,Requires Fertile Soil,high_model_reliability,"L=high,M=med,R=med",0.01,FALSE,joint_prob_below_threshold
Vicia cracca,5.127891315770745,4.883983231273846,6.4490520981597985,7.820690184858298,9.713819538528355,MAG,med,FALSE,medium,Partial Sun,,med,FALSE,medium,Temperate,,med,TRUE,medium,Average Moisture,borderline; high_model_reliability,high,FALSE,low,Alkaline Soil,low_model_reliability,high,FALSE,high,Requires Fertile Soil,high_model_reliability,"L=high,M=med,R=med",0.015333333333333332,FALSE,joint_prob_below_threshold
Vicia hirsuta,6.502380740123429,4.540713026739625,5.372982878677549,7.079108417087452,7.179055680397356,MAG,high,TRUE,low,Full Sun,borderline,med,FALSE,medium,Temperate,,med,FALSE,high,Average Moisture,high_model_reliability,high,FALSE,low,Alkaline Soil,low_model_reliability,high,FALSE,high,Requires Fertile Soil,high_model_reliability,"L=high,M=med,R=med",0.14033333333333334,FALSE,joint_prob_below_threshold
Vicia sativa,5.559079160522033,4.951327273341832,6.165574379909602,7.758767207973578,9.78861657827681,MAG,med,FALSE,medium,Partial Sun,,med,FALSE,medium,Temperate,,med,TRUE,medium,Average Moisture,borderline; high_model_reliability,high,FALSE,low,Alkaline Soil,low_model_reliability,high,FALSE,high,Requires Fertile Soil,high_model_reliability,"L=high,M=med,R=med",0.03133333333333333,FALSE,joint_prob_below_threshold
Vicia sepium,5.595365207743587,4.854606448494555,5.008633843583471,7.259973994634358,7.799296908583047,MAG,med,FALSE,medium,Partial Sun,,med,FALSE,medium,Temperate,,med,FALSE,high,Average Moisture,high_model_reliability,high,FALSE,low,Alkaline Soil,low_model_reliability,high,FALSE,high,Requires Fertile Soil,high_model_reliability,"L=high,M=med,R=med",0.063,FALSE,joint_prob_below_threshold
Vinca minor,5.910591843464068,4.28675665326705,6.084862429917871,7.663412191534456,8.218489209105618,MAG,med,FALSE,medium,Partial Sun,,med,FALSE,medium,Temperate,,med,TRUE,medium,Average Moisture,borderline; high_model_reliability,high,FALSE,low,Alkaline Soil,low_model_reliability,high,FALSE,high,Requires Fertile Soil,high_model_reliability,"L=high,M=med,R=med",0.052,FALSE,joint_prob_below_threshold
Vincetoxicum hirundinaria,5.1898297964112485,4.594759942489384,7.353592437795225,8.079753435505566,10.883595264349806,MAG,med,FALSE,medium,Partial Sun,,med,FALSE,medium,Temperate,,high,FALSE,high,Requires Wet Soil,high_model_reliability,high,FALSE,low,Alkaline Soil,low_model_reliability,high,FALSE,high,Requires Fertile Soil,high_model_reliability,"L=high,M=med,R=med",0.007,FALSE,joint_prob_below_threshold
Viola alba,6.612118778315804,3.563121828366288,5.364019390653564,7.273307968661175,5.943991381881523,MAG,high,TRUE,low,Full Sun,borderline,med,TRUE,low,Temperate,borderline,med,FALSE,high,Average Moisture,high_model_reliability,high,FALSE,low,Alkaline Soil,low_model_reliability,med,FALSE,high,Average/Rich Soil,high_model_reliability,"L=high,M=med,R=med",0.13133333333333333,FALSE,joint_prob_below_threshold
Viola arvensis,6.760949473302881,3.4632197348085176,6.674266357145889,7.390967193727112,7.496605242372954,MAG,high,TRUE,low,Full Sun,borderline,low,TRUE,low,Cool Climate,borderline,high,TRUE,medium,Requires Wet Soil,borderline; high_model_reliability,high,FALSE,low,Alkaline Soil,low_model_reliability,high,FALSE,high,Requires Fertile Soil,high_model_reliability,"L=high,M=med,R=med",0.07466666666666667,FALSE,joint_prob_below_threshold
Viola biflora,6.678595695150277,3.5669893333706506,6.323065192622661,7.405079632906419,8.207973650272358,MAG,high,TRUE,low,Full Sun,borderline,med,TRUE,low,Temperate,borderline,med,TRUE,medium,Average Moisture,borderline; high_model_reliability,high,FALSE,low,Alkaline Soil,low_model_reliability,high,FALSE,high,Requires Fertile Soil,high_model_reliability,"L=high,M=med,R=med",0.09033333333333333,FALSE,joint_prob_below_threshold
Viola canina,6.374367418923538,3.7211413883565543,6.622505144832189,7.503287374484157,8.238559429213709,MAG,med,TRUE,low,Partial Sun,borderline,med,TRUE,low,Temperate,borderline,high,TRUE,medium,Requires Wet Soil,borderline; high_model_reliability,high,FALSE,low,Alkaline Soil,low_model_reliability,high,FALSE,high,Requires Fertile Soil,high_model_reliability,"L=high,M=med,R=med",0.05733333333333333,FALSE,joint_prob_below_threshold
Viola hirta,6.137168510069664,3.679526043971211,5.726012008531484,7.6247407778802225,6.934690522883801,MAG,med,TRUE,low,Partial Sun,borderline,med,TRUE,low,Temperate,borderline,med,FALSE,high,Average Moisture,high_model_reliability,high,FALSE,low,Alkaline Soil,low_model_reliability,high,TRUE,medium,Requires Fertile Soil,borderline; high_model_reliability,"L=high,M=med,R=med",0.06533333333333333,FALSE,joint_prob_below_threshold
Viola mirabilis,5.690537583368387,3.9504430659474368,7.212911797437995,7.98067091708003,9.506267503000728,MAG,med,FALSE,medium,Partial Sun,,med,TRUE,low,Temperate,borderline,high,FALSE,high,Requires Wet Soil,high_model_reliability,high,FALSE,low,Alkaline Soil,low_model_reliability,high,FALSE,high,Requires Fertile Soil,high_model_reliability,"L=high,M=med,R=med",0.015666666666666666,FALSE,joint_prob_below_threshold
Viola odorata,6.2237123078232095,3.832322967582361,5.852876130775259,7.619640674868668,7.014938210785315,MAG,med,TRUE,low,Partial Sun,borderline,med,TRUE,low,Temperate,borderline,med,FALSE,high,Average Moisture,high_model_reliability,high,FALSE,low,Alkaline Soil,low_model_reliability,high,FALSE,high,Requires Fertile Soil,high_model_reliability,"L=high,M=med,R=med",0.069,FALSE,joint_prob_below_threshold
Viola reichenbachiana,6.4523841912570425,3.804201863476558,5.994413965212326,7.370147434896342,7.140809106540498,MAG,med,TRUE,low,Partial Sun,borderline,med,TRUE,low,Temperate,borderline,med,FALSE,high,Average Moisture,high_model_reliability,high,FALSE,low,Alkaline Soil,low_model_reliability,high,FALSE,high,Requires Fertile Soil,high_model_reliability,"L=high,M=med,R=med",0.095,FALSE,joint_prob_below_threshold
Viola riviniana,6.377558271406989,3.851066746584014,6.480744473841155,7.454603705604359,7.807433167264184,MAG,med,TRUE,low,Partial Sun,borderline,med,TRUE,low,Temperate,borderline,med,TRUE,medium,Average Moisture,borderline; high_model_reliability,high,FALSE,low,Alkaline Soil,low_model_reliability,high,FALSE,high,Requires Fertile Soil,high_model_reliability,"L=high,M=med,R=med",0.06566666666666666,FALSE,joint_prob_below_threshold
Viola tricolor,6.8881765182794,3.711600410293293,6.681376555995884,7.343308548780692,7.506278281630827,MAG,high,TRUE,low,Full Sun,borderline,med,TRUE,low,Temperate,borderline,high,TRUE,medium,Requires Wet Soil,borderline; high_model_reliability,high,FALSE,low,Alkaline Soil,low_model_reliability,high,FALSE,high,Requires Fertile Soil,high_model_reliability,"L=high,M=med,R=med",0.08266666666666667,FALSE,joint_prob_below_threshold
Xanthium strumarium,4.313158834428371,5.7838163297388405,7.109204442584263,8.470084847746762,11.023423994868065,MAG,med,FALSE,medium,Partial Sun,,med,FALSE,medium,Temperate,,high,FALSE,high,Requires Wet Soil,high_model_reliability,high,FALSE,low,Alkaline Soil,low_model_reliability,high,FALSE,high,Requires Fertile Soil,high_model_reliability,"L=high,M=med,R=med",0.002,FALSE,joint_prob_below_threshold
Zannichellia palustris,7.233928990691384,3.9951877254520207,7.095551914634365,7.38887106068003,8.173980440844137,MAG,high,FALSE,medium,Full Sun,,med,TRUE,low,Temperate,borderline,high,FALSE,high,Requires Wet Soil,high_model_reliability,high,FALSE,low,Alkaline Soil,low_model_reliability,high,FALSE,high,Requires Fertile Soil,high_model_reliability,"L=high,M=med,R=med",0.06133333333333333,FALSE,joint_prob_below_threshold
Zea mays,3.633999755871238,5.988843448650163,8.047511345906887,8.933164306782771,12.597316405402484,MAG,med,TRUE,low,Partial Sun,borderline,med,FALSE,medium,Temperate,,high,FALSE,high,Requires Wet Soil,high_model_reliability,high,FALSE,low,Alkaline Soil,low_model_reliability,high,FALSE,high,Requires Fertile Soil,high_model_reliability,"L=high,M=med,R=med",3.333333333333333e-4,FALSE,joint_prob_below_threshold
Ziziphus jujuba,3.912723553358707,6.86388586609452,5.176412826215925,7.286009519023812,8.719466853010491,MAG,med,TRUE,low,Partial Sun,borderline,high,TRUE,low,Warm Climate,borderline,med,FALSE,high,Average Moisture,high_model_reliability,high,FALSE,low,Alkaline Soil,low_model_reliability,high,FALSE,high,Requires Fertile Soil,high_model_reliability,"L=high,M=med,R=med",0.009,FALSE,joint_prob_below_threshold
Zygophyllum fabago,6.815743472379218,4.3960955305309595,5.733907334345253,7.249434412578789,6.053970879040717,MAG,high,TRUE,low,Full Sun,borderline,med,FALSE,medium,Temperate,,med,FALSE,high,Average Moisture,high_model_reliability,high,FALSE,low,Alkaline Soil,low_model_reliability,med,TRUE,medium,Average/Rich Soil,borderline; high_model_reliability,"L=high,M=med,R=med",0.13666666666666666,FALSE,joint_prob_below_threshold
